owner,nftmint
BbgTRsfwp2F2nR9eE3raNUGvXgraySTFCWyvvXz1GiwY,JDeMTBGEHyACvShvKpCMPDpBEpbmAVpJ8j7iJnD6Kheb
8Q4fYfyDCD9vHBxYqdFww32SBSVWFy3N7mx5tyyj5KZb,JDV8q2caVxbW5fRAL79cc8u9t3E8pxSn94xRh8HjeNsL
5XEaR3QBKZ9LwJ3xZUscHfoeAFacHfcDAc4eYuNxCqd8,JDV28UJoUEEanaqQems5jPz4ipoj2YAs5eUz9JCWyjvL
CNcr1u2ABLqPm9Zvp8vhr39D4463ZPkiPQ8YNnFVxTWJ,JD5ycPYUTsen7cCATqGpTAetPbaSuGqeZbqw1fseoYV3
5gc1A9tGyTqXpEtP9ys1A6CupF9t2MUPmthuB9qGkvhp,JCyzQBAMU81FqdVRnVddeA83AcSNRGzpfv19jCdGWqNq
FRiKTTtBFCraXxAdN9WbE9gHsJHauHzLKf2t53xiyFRR,JCvx3sAcJSimgGL9X25eaV9S8FF7gacRcTy6De9MuV9X
ErvEmQWHfnvJX6D5VkPQorEWKYf2kKbVBemXLq8WzbKK,JCetLaVKwNUztYy2FFE66vJoMvhiAi34iHBBx6wE1mfy
7dy8heSXUKaX3nRLkQ69NetzQxZYNQgUQsCsvTeV8MVt,JCZKADFyCz6AmLNL3g9gan1KxdjzRaaJBosZd5ygxnxZ
BbgTRsfwp2F2nR9eE3raNUGvXgraySTFCWyvvXz1GiwY,JC9d5Hzu1LSu66nS1Y8qVJEZhHkTQ2Jyu1Vp1VYsnoZu
HMoZN3FEvxuecjGETQMa8EGPsCvibAbPfXP6h3cL4E8b,JBGhjza115g4nproE6eRR9X7aYeJhJWom2YWLXkW9ZjL
8tK2wrpPnU5UtCzkh6HmcxjsiNq4gqJMdNrEwgxSc8WA,JAzr92uRKasFC1XJk4gGE7aubd9TvQrZydBRZWxrbBmV
9vGPfVZNhdUfy9iRrMg3M9uw5zhPdEBwCS2qrjcPhbEV,JAqZRZRXBHknc4Gj2rcHoCi8DkYJx3RN5kTpCoNn1ToP
3NGoyg2VXq5WZxgy7zbYG61qNcBusMsdogxiiyeiRLs6,JAas9oBASFzFu4gWmg1UM7mxpiFGDYKetTRXuvdwT8Ah
HzYXCFaNDiaziQtWXnNPXED5T32VTmrHQEtthe1E4aKH,JAWQrjLJcCSacQyywqnWxYzo6Spcps5eb89vuWMnwy3j
B56NDdqVevb6K6aV9QwFkNN7VgNY3ZdjwMMCKSHZzC6L,J9sGnswCy8RHCYeLXa4Sy9hMawYRbJTN5xvVarGwYJmC
4zdNGgAtFsW1cQgHqkiWyRsxaAgxrSRRynnuunxzjxue,J9ZNoqEVurtuDJDYhW8ZPq183PeJjNk7e5fSXQ4SCY3P
C82C8jRXM93upcqzK4ftDfdyfrtqfmNEiW5N11Zzwyrs,J99cQEBfNYCu31aWPoTv3ZjNtYeKrh6Hr5Sz6RDLcRdt
DenXVLRxRR3yrXFzwMEpnuizCcP6YMpaN9jUdZy2N8hB,J8eqxpmoj5qHSxeCuqMTfqhfC9K4yD92V8PAhDRyG2dJ
7mkr2BaLsRu3HVp23tM1USVbARKbawC6AWKDPAYAvbmC,J7zgxQSj8qb26WAzSSRTg4cYv5j1eWqEKjW8fvRF8Srm
7yEKqyfRMMw7idsttmkqXp2Jtc1ooDgT6aZ6jm3Vmqgn,J7zCUKe8gniFzZ73r9Sec8NXYa775gjWWpX8QffYnSNs
HGDgNDA2zuYXdPkiU2JCgQ2h8NThYFCTvV1Gp6Q2vyw7,J7jqAGj99q3r36hyHfXWYa5Hnq3iuH4RMFzEyPr8Ljtt
BLjtsrixbNWyDd3w5z33wyrttZ5MoqweSsnUJU9CBknJ,J7awWM9BAjiekHeuobWpM7trXDhTi8BmgTJR6CLjh4X3
A4H9f41rngpzGE3ZUJTyBxLfB9LtH3q6WtGcwcyK544C,J7UFSECoVDfz1WqjWM6NZ5rmgU6cFBzCDpw6LfkG2omW
5xmBzAQQ7TA2QaP5KyzRB2RybovQihpxegxhzjXEELFk,J7Q73pPrZrKgQGV2JLp4eXo72Pb8AWawExqXndMbi7i7
A1DZeL4TBtGvKb11ei4eBoAs1aRN9fB6wjgkLY8ER2dg,J6zfpFaPjmrNM8f9om84SLZKMy8ByTT8TtheurbTS2yc
FA14QKF652jip8B9qsud8UgrF5HzJM3GC24M1xABHCuq,J6qQhtHkXsffHVT7BxK3Gwk4XoRAw898jW9SaXEVicXq
49EwADkaW2FFGPCSKo89tvX3cBCggEpzQ8jqDpk4YLiz,J6ff45TePdERNAt5gjD5ipibxvBGAC66ScSx1pA1cY4g
4zdNGgAtFsW1cQgHqkiWyRsxaAgxrSRRynnuunxzjxue,J6TfmWBqMiuDg8imLLoWC8TgdJ3NeHxZ4sCyH8x2w3T2
5Mic1WZXEySfSaeghLahBkqbS52i35vwmG6eAPEc3oph,J5qjFRnuUAW5qX5F9D52yg6gcfEjyhFy78y8xoByCRjs
HGDgNDA2zuYXdPkiU2JCgQ2h8NThYFCTvV1Gp6Q2vyw7,J5UZniA55i5ETmFdigDEWuVkX2KHApfjas6cJ3JMbNNZ
81aexMHkGD66cH3xH1Ux4kGig9JEduKCN8SK7BpsUupA,J4pHonQ3qsd5cbYcD6K1JFCJYvYLwX23q3PKmkGNsPpb
7aLXJFAe4Mvkp8KGeeeXq87L5xqR6EMD1b517xpF59zr,J4bL43JQm5JaTVdujeNY2EJJHAb4dpCCYVWCVCQdvjzB
744TYMqNBjmRpWUBA3tvbZkS7W6dKz5VYigeRTkWAise,J3ua1D7gQYUZ1rYJ5vcme2Ris4vdSDd7tV5x2Kp5pUtf
Dxd1ebuLW6iCxhBmSMcXdYjkwmiicvHXZYY31HxFo5hm,J2uMTZxdDK2nNhui5pQLYFm54P9HjUwzYSgTxX9uWrrv
9F91HmFYbAfMujt2uRAtV5vKRRC7GwJXuP1aBs9J69Yw,J2hRwgLFKgyToKLkuks1sohL5QekTybb3G8We7kg7hzn
8egJKnneyx649wBZ1oPFBP8uPVjRkPUjgrvrcwVRsTsY,J2BXyqdWsPGoWmvkPQCSmc94WhfQpVnm5rax7JR7KDxa
Af3RFjECvbqWW6hUow7mzGEnAmWL2tDuwXnDsmDptunJ,J1pEq5zc1uQ7WYKxDytXGBLNcpyuwLY497F8EmdE9B6G
eXqxnDxXzeRhuMirdWRFF1DG2U6ma5nwHWyqSXt3X38,J1cQwAdnk8p1HxuCjKoQL6HdjcdZa819iX4UdEmpb9ct
5RRzt5impbDhzGepEZj44JqTu7o6NmXNRKSM4rSQPX1z,J1Z7rk4b6pnAKWQUixPFW884STaP4kCjmZ2pGXmrKEod
DmsFcT68wqampP78Hm9E29DBLG99FuZJJmZAYw34uvrF,HzpYVqRmX4Lm7pDyR95GeJRCm7oAYoD162C5hhJKDZSQ
CCiQY5waYDS5c5nTwBuSrss9n8CSAXBU6x9QSBYxBRiT,HzPkZ7R8hEwypwUx5nTa4BER2KUzcficSpxawKXjpp3p
A1DZeL4TBtGvKb11ei4eBoAs1aRN9fB6wjgkLY8ER2dg,HzJ2qNCTST2W1y3S8UWVMiHYYS9NhUF2TTB6kHeLscZ2
FgY5QcnWjWresevhUqW2uWyf5KigzeLd4gsebvnVWpyf,Hz2BjdHyn6VgCYyxythQPcNqxnr3K7tRgD5Gjghqiiyw
28zpBTAzbtEvsfQQCm4QbV7oqd3dryfzzriU9sLroahE,HxYAdipbGiUoswCWv1yKA5aEWTYy53DxNfwcKn5RVsnf
G6bfDikmBmntCLcLdFTQhZ2zhqcuWygDpgou2Nq8YqX1,HxXCyYsE1WbjbguKVm6DdmUnjYSfaE8GcRp81Be2UCeH
NovaNbErBTu9WpHVFexuMPjN8mMUSW2TJZgxFquAuA6,HwLrAqoJUAKcxFk4HfFY52KLC3FcH8gmWKM2eR9N3MGp
ZE4LyYi6TyjoEs4yPvGfCfXYAbmkptN19J7o5wPP8KY,Hw4jqynjPAEwZ47LpayjjHhRHwCSHDPJ1kVEmUqrJyKY
7dy8heSXUKaX3nRLkQ69NetzQxZYNQgUQsCsvTeV8MVt,HvzzBwshtsTpRLp1hwv1sBWyscGnADyer5yDXoEYuyuf
ECPQGL4oXtuk7HCraTcT3j6wS7yb9jn368un6JyWkrJi,HvVz18p6ARQiQ3zUXUEsevvLSZ4nVLa16jCtfuevP6fr
6XVw1mYLvz54Td2rHuPomz8R9h14ttBpHoBaYMxog1ys,Huxpe8XrB42648TPSmWt34Sv4yeESZRqFAntou97moyg
Euxe7kjt1FrwofzTu5nXsn2LcKh4RbbzJx425ryqnvBx,Htw5ppBLC6oQcyjGb7xtTZT4t6S4CYo1sQYbARLYtAkx
7mkr2BaLsRu3HVp23tM1USVbARKbawC6AWKDPAYAvbmC,Htc5osqEL4VRUP9AaQcBJYrUZLBmAaieaaGVtkTX15hL
ECPQGL4oXtuk7HCraTcT3j6wS7yb9jn368un6JyWkrJi,HtUrMrguYRtXU2LH4AmRvn1CdR3Cvx2KZJoet4yUN9Xh
THthoAPa4rKqfZLe7oqzW2G6BiQoAuyw4Ty7GK7a9WG,HsbnkjgWBsHQTqvfFwvh1GZEs6ZjRMGmJjeBiiPBZ5RZ
C4yo35zPv7x1MxRpMYeDzvAYYsaWur22mrZ282b54ySM,HsHngSyD3AAkDmPPaHrPeS5ou2h5j4hq4pm1gkLsV6sM
ErvEmQWHfnvJX6D5VkPQorEWKYf2kKbVBemXLq8WzbKK,HsGcj7UxRFDPu1ZTHtdVDtmxcrqX4y1t6zQP6Nb7FQ8i
3HpsMQv5vnUHW3Pc8sbU8U3KTGVd98Aa6pJUu7zgQwzU,HrV3xRe1eiTweL17d7kmX9WpwYbNioqgBsFsPPSoZmki
A1DZeL4TBtGvKb11ei4eBoAs1aRN9fB6wjgkLY8ER2dg,HrCu8Q9jYTRfyaGA7vUsanYHXjcHZxt6NbfavmCRQFN4
FRiKTTtBFCraXxAdN9WbE9gHsJHauHzLKf2t53xiyFRR,HqsLBfANe72gAdmZ4hAhXQMxVK9cTT1rvWgGDpFam5wv
7dy8heSXUKaX3nRLkQ69NetzQxZYNQgUQsCsvTeV8MVt,HqmJc1xU2YTWwYo76Rk4G8FGwqB9fve8U2XoqjmQeyyE
7uHDmhiU2zHTPrtnhbywBETBsTYWf6eYJRcGnjMJVmWi,Hq4gBGxJbcV8E9Yib7rWvkQ8beY2dTPiY68o6mzpTzm3
HMoZN3FEvxuecjGETQMa8EGPsCvibAbPfXP6h3cL4E8b,Hpx5xfGiSnuHGVaZaxsHRvJzdRJ6AXXtMwXaL4xUFQWB
7mkr2BaLsRu3HVp23tM1USVbARKbawC6AWKDPAYAvbmC,HpGU7JMX2rpKriLPp74GCditC243gBaHXQnxcSpAZsR6
EviKZozWYJ6jpL5jk5CDT4Ju2haCNVtxhSRrkhVDxnhw,HoeE6odSE98pDkmtYHXbb1RjDX9SsukdCFM2NiGMM9FT
Cp9V3qLnjjCH7SNrEAtjqywqeztZKpXckDK13BA3EBU5,HoJGz9tJGeWF62367u4yAhfnw1PmBGr5TAcroi5EotrW
Fw8GxZSJ64DkFUi4qtmoMjaaHUCS6UgamKmDFyi2jNhX,HoGUhhTHKnKUy1qkVs7JoD1iTwx4Eas8ULEsan2Wbe5W
1BWutmTvYPwDtmw9abTkS4Ssr8no61spGAvW1X6NDix,HnfVK9pXius4uHRD4Cdo5ZsKHdzuP56bLqkdgxNXrBZS
BSBPUGW5RtxeXk3wD4Vu7szRdJBJBoe5yJNkuZngHaMZ,HnEFoJLazFAEH4n6WwK76ETWd9U4sxtHuo5bch57D5pB
BbgTRsfwp2F2nR9eE3raNUGvXgraySTFCWyvvXz1GiwY,HnDAApvFfcpxacnodNc9mpwowtQGuoS7cntuAZSFsM2g
GmFonBFUe4m8YEmd2rNsjxFCV5nNwFwN5s3PT1tR4rev,Hn4VqzSgjebCJXUv7jbam8ijqygipSYhXkrxX7Qy4n9E
THthoAPa4rKqfZLe7oqzW2G6BiQoAuyw4Ty7GK7a9WG,HmwQVFHaiquq24fVi8txXfhv7FxdAwo6PSBq3sKqXxjM
3DgBb8AWB4WzJxsA3dJmby5Y1s2v9CX5j3M8a1GXnsmX,HmXt7jspWHx6LVa8AZU8P9qDZnpcFUpF1NAdbZdmJEPq
7aLXJFAe4Mvkp8KGeeeXq87L5xqR6EMD1b517xpF59zr,Hm9LTh9vMwxawhWmJZtJZSH1UKtfLFZKGttFQRbc3AkH
8AdbfjdLiQ3zAgfNrPYjUwgpkdi7ub3NUnujcmEB9GJX,Hm2Pj9UxhoN3zz3qDUd9GKT1hm5gSYTGLXUrvy5kXBMz
1BWutmTvYPwDtmw9abTkS4Ssr8no61spGAvW1X6NDix,Hkm4pm1MBGqQiZbPm7C77aEgfvAAxMB3bPsjqHkZZ2jx
4qpVA22vFmP71dbqC5n3iRchbUTqWN7ToY75zwCYqge3,HkapikfDUyZnTCwXTKmChPbc7xozvVUzAGpgYo8CpKoD
8Mjai114KxfoRBBqYTFv6XGkzzK4q64mcsgbLpEgh1kg,HkEheP1XJcCE3j7jnVwb3BHdckyxPF9U5okK7jJb4B5i
8UNig4ZoftmdP9hEXLWRNXV54ThFb5Sg8mof5WjA6gC6,Hk5AsnYvAdb7yoWG4DczweRTgTNxDdsJE4t4biTf8s8z
8egJKnneyx649wBZ1oPFBP8uPVjRkPUjgrvrcwVRsTsY,HjfufRgiMomLyskcGW6PGFCdx4qZKYwDbTaVrQ22b2iX
BNdxNGgHdLzpSZ1zxQrYhYmPkkELD64EbEwqh8SLrz2q,HjR8GSV6sig7KBFQovWEnR2PbKWixUUDVcuCm7Va6nd8
7mkr2BaLsRu3HVp23tM1USVbARKbawC6AWKDPAYAvbmC,HijVwbgP9Y96YJdhau6223HpbFJUpjtgt1TZFb7RZv6Z
ErvEmQWHfnvJX6D5VkPQorEWKYf2kKbVBemXLq8WzbKK,HhvqrGbCMKMTr9MZVstLV3x1C1adotVfLKn5YefphuJ9
gCv41sQZpWwVx7K8ec8GqtMqVqJBkmb6p1bXwbNZEUJ,HhU7msdbb7U2cKFwoix4T6ewXHvTBfWi147YLeCC4k2U
ECPQGL4oXtuk7HCraTcT3j6wS7yb9jn368un6JyWkrJi,Hge6PJe5o9e5Fs6hVAU6jcrNTtfgk93EBRT4u3pcWcf4
FRiKTTtBFCraXxAdN9WbE9gHsJHauHzLKf2t53xiyFRR,Hgc6i4incNo8Q4LGXuPkjaNqeQHXeCDW7Goewc5rpRF6
2diPafKmPqTyv2s2qF9Qr6SqcaNrLeHw1XW7ovp8XPBv,HgHFeAciWdfpa5cx1JBffKienGsbhW5qEQo3RHa45XdT
eXqxnDxXzeRhuMirdWRFF1DG2U6ma5nwHWyqSXt3X38,HfzNjq9kso1bouj1v8NHZqVkfPp86sCk8dBBAzuWZC1b
FwFtPwoGEoSfWhSVcH3PjTh4RuRR76TBxWpJynMg95KB,HfkJdJX8bqC5hHGnqy5ognTuqD9dqqS2FvFmE4xtVZ5H
gCv41sQZpWwVx7K8ec8GqtMqVqJBkmb6p1bXwbNZEUJ,HfYCyafawM7Vv5jZG9WVF9NRe7YkBuAUHHxdRsvxh4fQ
BbgTRsfwp2F2nR9eE3raNUGvXgraySTFCWyvvXz1GiwY,HfPWK3PowPVBuQ4bZc5oK4YkBX8FUUrsgfU79NNjZiz7
46HRYafCqKcAaWzw3H5QyXuEATGxR2v3bgQYyW2mRRdb,HfNL2WjbFKvFWo25r6fLKoSxkuWz4JYN4nszyBij7Lpg
7pLVofwG8ydYt6nyhgsH46ZxchyUno5RgWBDmAeDBD4b,HfFkbCqRBsCk3tCpMhTmAfNHHK1MTa6kBkKR9XmqyYeB
7CYQ6NkVByU1Azia5kQkXi2aKbekSp7pkR8bRBAj6fz6,HedW72hzkiQwHuVA1dhqtPtTmBQnwAihmEGpixPdWZis
7dy8heSXUKaX3nRLkQ69NetzQxZYNQgUQsCsvTeV8MVt,HedTozUXdcigxjC8amkihwnz6wNXtSw2KfApnevsth5Y
A4H9f41rngpzGE3ZUJTyBxLfB9LtH3q6WtGcwcyK544C,HeKAqQQxjxPW1YTfE2SD7zaYaYTZ69unyGuE2Zha8KW2
HMoZN3FEvxuecjGETQMa8EGPsCvibAbPfXP6h3cL4E8b,HdpXYxMNRaCPuERNYtSekmyexp494F3MqdExsZE7jwvV
7DLpUiWA9uWibmAbESmYZzq3uebBkMZFmV7YV3gRGVrc,HdnTjVjarFkWhfvvfnNcBTQ7PYgCfeCFNCJBiRvNKxzF
J4BKzARbSSrPYUn417JsSRnHHwNAKf6YVeQPpokaYMnQ,HdNpW6zyntnKjGJcmLevREoZSKKMNjudSUboDe1UkrqL
THthoAPa4rKqfZLe7oqzW2G6BiQoAuyw4Ty7GK7a9WG,HdLHHUtnbmdV7cdDoooSQqHd5XFSYsYXJdhNvhsDo1pN
A1DZeL4TBtGvKb11ei4eBoAs1aRN9fB6wjgkLY8ER2dg,HdJwDTjG9MoEyNfY5GGAmbzSyGiNzdwPf9d2qURE9K1e
GEJ3zU94dgUcrac9QQF7qfF1w62toYhXYDKKCES8pXuH,Hd7VWNF4DfKuTQx57jeHe8YXga2YtEvkkxph4s4xvdTw
GYwhYWpkSqcXCqRs9MDL5hBPxYiK8NA6tDuhox9HhJ5S,HcVuJA4jUWtroXSpjJReFiGxm2iwFnBJ4uYdouiWvbUh
1BWutmTvYPwDtmw9abTkS4Ssr8no61spGAvW1X6NDix,Hc9FC3QXmnSFzrDGK1aDV4YSzazqSHpCnCPQNG6nrwYL
A3FRThevKJVh8HijoNwhnSRvCRjnkJ3FyfLPeFbgg5Z5,HbZXJKqP8UTBmmLxycPsvmQKjs8KvXey7Upc1ffU51R8
D1bZDjtBHgH5W7ZqVUNA3e3mrKixxnGZfqeq8MfTQXnr,HbPEYyuYBKtsfn3kTJLbCYsiuxY3rSJccz78KDs2F7AM
7mkr2BaLsRu3HVp23tM1USVbARKbawC6AWKDPAYAvbmC,HazVWqmhZYLoiVRx6JC7qiRLA9y8zr8RxMcFBhGzKR8L
A4H9f41rngpzGE3ZUJTyBxLfB9LtH3q6WtGcwcyK544C,HacCjto4ikvGMy6sCdYWYSsVSyZvyd1mUmu6iQQJ3sQE
9gPHc5ge4WyaeXL28qbZ7hmAWuQz6eFsEZKwm5CnkpSo,HaR6o1LqwVjR2kTfaX25a8YQSgrXqfh3qRb4UuYPw76Y
1BWutmTvYPwDtmw9abTkS4Ssr8no61spGAvW1X6NDix,HYtUwXuH2e95s8k7uE1nbEJureAqD6L87iYnHCa2pAgQ
92Q6nJnnXsgYsWvopj7ghM8otkoFxEpednLic1XGE4HF,HYqgjLym4a69DTXEmWVgeKeUauWzYcJB54WzZQavtprQ
HjhaWHdqskx7WefK1erGUtMvMou6ANDASJ8PArZhH3cm,HYaTmNHWQecU4tWJCDCDQz78S1JgWJLqNDrDXwSU9Qhz
6ccHryyBkCEiCMouZU1a2MqZqgJA5NU1gkmrS5L9ajsf,HYRMvu5NDitX1DSQXHaKdw9tRX4t4NF9MSNouuiKWR3E
CNFn81LHY7NNDP17KvfspGdubWvtJPysWbd6UYWoeQ8r,HXotbaLm6WTA2GNXrVi7KxMbZnupSsq8happTbUoabAY
8sNrHDuQeSmKjmfXu3TT2tbjmy6rAn7mTNHwZzhxoxBC,HWycDGVwWAdAnRvd63rJ2zXfHi6KkkEqE91VsijBibwY
AFJZYqBrpuGh7iUf5LjSRyuMoyHtKNH3wMKMYns46Hyo,HWgq7BmcWScDSo2WFSrmVxEg8C7iDCNDQJEoNwepHioC
7mkr2BaLsRu3HVp23tM1USVbARKbawC6AWKDPAYAvbmC,HWfBSojGRuwpfeF4LJrGmtfCdgpWmhYzcp6UEYFM1jGB
BbgTRsfwp2F2nR9eE3raNUGvXgraySTFCWyvvXz1GiwY,HWLoRCH2DG43aMUVgVd2Ga2BjfDXzqSjMFhetFPUiJUQ
8Q4fYfyDCD9vHBxYqdFww32SBSVWFy3N7mx5tyyj5KZb,HWFdSeiTJDzemy3zKLC7JL2vZzWTSVXytmEq3QeTo3dh
3ukVQkntQ1Ydosb5yMrwA7xuDbbRij2JNSb22zYLWCQT,HVt3RqLAqEACiVpymjyMxy9QxPiV2B48ga77tRDFZyLQ
9FBj4P9G8JQucQDGRgpUbQ3uzJ9PXQkKJQh6cZL5ENXm,HVYXfA5hx3jP344XUzfzevMjF3ZJW6NaANq7vKiYpFVy
BbgTRsfwp2F2nR9eE3raNUGvXgraySTFCWyvvXz1GiwY,HVN7F9QJYywka22XvMMnRzhZf7xWsEKUPv2NwMZDVLYN
Cp9V3qLnjjCH7SNrEAtjqywqeztZKpXckDK13BA3EBU5,HUdeX8jNZbTNkPneYC9taMsvvH4bo7bZyobisQnfLswo
7mkr2BaLsRu3HVp23tM1USVbARKbawC6AWKDPAYAvbmC,HUKzjQUyNC9FNyztiBZVRdB9tHcsWHiYzKWASNEbMfxa
B56NDdqVevb6K6aV9QwFkNN7VgNY3ZdjwMMCKSHZzC6L,HUHAHWp1Dm6iFhZ1wqRMgLjvXRXUpSjHzPi3bBEA6Tri
J53g5J7T7rY7su577iCbpA8p6pYR7oYiLCmBKTQeuiZG,HTpnCHdg4Pv2j15vxmBEky9NNxdA84N7kK2Kmtz3EbJU
5RRzt5impbDhzGepEZj44JqTu7o6NmXNRKSM4rSQPX1z,HTNReXVfWj5u4aPTmx3qBD57G6izucbcKk2b4XecnNpA
B96jP8dQQ7Jf8XbnPAgpHAjyNCUwzQLW4sU6xpdp81Q8,HSRQ8EEtS5jJLsKzRrZKHZ9L7YQQ53yXxQG3mDpgwJua
CKiAiyoxFaHCiN8jCCUWERDeuFBSrvFoAsT47pg8ifuL,HSJLjDuUsQ3yiqeCeisSfVK8Vac4xMmW4Sr85Xwxrnqb
BdsrCk3DRm66usFF37XnNqJWsCX8WPgwsZ6Nw9gxik7c,HS7caJHkgm8bNp1wNzDMWbYo37HGDWFaezUc56vschb5
7aLXJFAe4Mvkp8KGeeeXq87L5xqR6EMD1b517xpF59zr,HRrDnkzcce1uZT1RcPtgF6RvYEzZ5gXLMneYHLxm5rcz
6tzGsLw4DzxFw7vXsGZjkgYxtRukUyWQ23jTTVWgvKXZ,HQvu8FAkTGLBkM5YmHML6kAWH83Rvt1UamD2tQ5z7rtT
9B2XQw3LsWph3uVhvJ6A2QeoR3L9vXmYropY9JXvzCva,HQopsWWzxp78jHga7PBqzqe9Hykz5dNwmXVcKfDTjtkb
7Up7zBBgJD3e41jwAQmjywxXuNp1Wax4u2z942iiWosy,HPya5YQdQD4pPcHuE4Hzyx3aTU6vjN8DFhvnK2kyrTZx
8jhxB5SUMBkLWtyiaJfEds78vsLstVnhysf7gofLLg43,HPtxVSFZyHwWvGfwTqkAVUPzqeqAYLPRNeW26Q5Y9nfy
ZE4LyYi6TyjoEs4yPvGfCfXYAbmkptN19J7o5wPP8KY,HPkSSbH1rLrFLfh7wbWZAb7sR1y6eCMTDt7qdi9iJQkP
J4BKzARbSSrPYUn417JsSRnHHwNAKf6YVeQPpokaYMnQ,HPPgfypp9scJGn9ehXZyTEx5zt29suuTSH5ZpY8JQGrr
6tqsm4PCS7TRzJU3tCj1erb7uJ23yxmhgea68BjqvADp,HPEKvu62f74acNLToPZKsp6iweyhxyL3x7wPGkp4XYWH
C82C8jRXM93upcqzK4ftDfdyfrtqfmNEiW5N11Zzwyrs,HPCzVrb7Ft7br2urLB5cDayedLybEBNMHKDVX1svaryR
B56NDdqVevb6K6aV9QwFkNN7VgNY3ZdjwMMCKSHZzC6L,HNh8tmG69sZVS791m9wouYchh4Rn19vW4aQGMxU29o1Z
7mkr2BaLsRu3HVp23tM1USVbARKbawC6AWKDPAYAvbmC,HNUFtxtdnw23nZKqHKYXJUtEELr8A9Wx17JRFsyKHtYr
A1DZeL4TBtGvKb11ei4eBoAs1aRN9fB6wjgkLY8ER2dg,HMp6pDfFqL1UVZ94jiWy9uWDKnJxkbv8D6dFBh3CzAJA
7mkr2BaLsRu3HVp23tM1USVbARKbawC6AWKDPAYAvbmC,HMbHYgP8ZJapkJn5DYQQ7jRRgUYTKagmubQbVHvRdxHe
GrpnL2x6Afc9WmrgSYxn7jCwgPeMKFCPQCTeVJAoetks,HMNnT4So84Gw986BQBQ2hGVT36vYCEVLMm9ky3ruG4QQ
7mkr2BaLsRu3HVp23tM1USVbARKbawC6AWKDPAYAvbmC,HM9y2tfCKBP8pAKJpdLutyMv6Uefw4yD2noQ2DXJq4eY
BXkDKKMrfpv269zqP5SaaqkfvfNt91LCH3rLsuYj6HnC,HM6dWTzgdyVpxvE5ex4XYm2L2Xz8AbiwDEARNt4qAGR1
ECPQGL4oXtuk7HCraTcT3j6wS7yb9jn368un6JyWkrJi,HM6BtfjDCwtd6zPMHyURzUTvmChMQUhgKEYeDZzmwHEq
gCv41sQZpWwVx7K8ec8GqtMqVqJBkmb6p1bXwbNZEUJ,HM57u3AiTdAfoVrdd7yFR5xecEgnvdNW3aYMsE2gtq1c
HqFwZwzM5nx51GZaAoAvezn4wEMfoQx62LH17YBQbpYu,HLqtcWLVn7vjUetKpTxZfMHu9qhxzj7NsdPjWNtk41yF
EBMU1qZXJXNEST3rqVJtfV8worria7nM9qccCEawyHyX,HKRBMvhDexd5UU4DDwpwo5DrViVBnXJABUKr82xWSoVV
7mkr2BaLsRu3HVp23tM1USVbARKbawC6AWKDPAYAvbmC,HKLZAzfaUS4B6QQc1b66omU6kECvTXFY11zspCsFRs1X
HMoZN3FEvxuecjGETQMa8EGPsCvibAbPfXP6h3cL4E8b,HKHBdGx2SeT3wUr5TawFkFZcb7e8haVtRT9quK6wqSqM
DzY8BCABD4DkeMJJVusBWZPtDZa1zNAeKdjq4h4Nqgdx,HJu3yLWfuWPpvSwCKFRbZ9UHzorH7cmx8AaDzcyf1ehd
BbgTRsfwp2F2nR9eE3raNUGvXgraySTFCWyvvXz1GiwY,HJPJcKDa3m3vNsSGHzhBWpMkF3dMC9fHnZEfSFtp8LPG
8UfB2sfsFsb4B7xisKj7wYKWbQrmEd3nF377AaD9yf7h,HJ2DezndjbXvyuwGc8nMhQNNBZgCvR11HeTkNbc3h1W3
7yEKqyfRMMw7idsttmkqXp2Jtc1ooDgT6aZ6jm3Vmqgn,HHvTTNXzEzEnsk4xD5PzfvrYSsVP5q1WooXgsnT6SrxY
6GWGM5Sg1JnTwGttXAvPmn9q3bcTBmQA1ZCYZN7DrwUh,HHidtuhMzY1unU6sHMbQSGDAfXBvbuoFY1523Y6u98DF
G6bfDikmBmntCLcLdFTQhZ2zhqcuWygDpgou2Nq8YqX1,HHgsDhbNyXxeK8UxN1GfWUy189oWmURzZYwP2cBGXVH7
6HZ5BjrnLRkxC1V5E8mW2t9V8SxPhzz1RM8mBUQxxQ7Q,HHTc3q2Jt3sD39nP2zBSoQLQdbsUA9pFB3HdsX2YXAbz
FDiLdtmNPWG7JikuvgMqYF7umENSzqJJtoJHpSVGBnPQ,HH1pabhtHCRbC2urtAdnaWfCJpECXSGGz1qUGNTMH1h1
DA4HR8Z4qi5XZyaQ6sL8DTsrnFbmkJwASedzT2hCc4uT,HGmxDhtbRScFygfMMfcs1YWDwVKrgEHt84CtJ7xXbNkp
8xbvUiJtwxWnhbYtJ9WxweeFHD9yKpo8EpxekW9A4qa9,HGhtPyyQu3coHo5WaZ6eveazQAwLQd2Njfrw58ZNbNzk
8VeeZSEgyMJRBcqmLixvLELp7ngqMY5CB3qmJg4Se5Ti,HGKRw2wxa7CSYhE1HYykxmxMpyc9Mz3QAsmC3QrLJn4k
qatvXtSug6F91bdkVRtdQ4QL6WerMiDkN6NUxjgFe6m,HFpHriUMumrMdKwB2YbXwb7g7gstGge6KLCVYNAwFqw9
FRiKTTtBFCraXxAdN9WbE9gHsJHauHzLKf2t53xiyFRR,HFc4YxQw5jnFiydjbv3UDCusP7juKbPZBA1ALbCrzX8T
4U891QFCJPy2LfTxGgCcLQi7MJhiqhrSxfuCcKEbkgev,HFURyiEZiw9VHZjhjGKFw8kwy28ywKjZ2BMxzX3BWxom
EBcaW35Q8vTyVPS7RUjSPqBTd5aLouoXQ5LZFQKpfhVF,HEUUogjwaqaFPwzhjTARaSHYjPyBsmy4MwFbXugoEFRk
3DgBb8AWB4WzJxsA3dJmby5Y1s2v9CX5j3M8a1GXnsmX,HDJBr9ndKYmACR5dtL4zpsmegfubfCEMQ5ygxmNrgzJz
wMWvm3i2qNobhL1TqJtyQ46SSmz2n4VrkbdbHkRkPs7,HCmjtth78xJasC1rEpbiFtjm6kyXPR4evDvBS7uwC4uo
GEJ3zU94dgUcrac9QQF7qfF1w62toYhXYDKKCES8pXuH,HCJEeypiUt4sxmjN8XrcZBUuY4GY47CehtiBEg5ETGSq
APMZny84AZDWCY33trBMF9noxrLAMRzH8Yanau8hn6Fs,HC7Y17ErsDv53CZpr3xyLVHNJezCpesXKqXJ6cVrj8vb
s2KHLcramsi3usYfmX3qqMFTPiCWwqiTBPj58mFEqcV,HAe6JZJGSyKKFwcPHaCxEi6ZoARpuRvnK9x1QpBtY28J
7yEKqyfRMMw7idsttmkqXp2Jtc1ooDgT6aZ6jm3Vmqgn,HAe4YmyMuCQsS8knEJL3RgQ6mK1Ts3u2apPbwQq2GJhB
9F91HmFYbAfMujt2uRAtV5vKRRC7GwJXuP1aBs9J69Yw,HAdN7pCVKf41gXLU1wXCux6nZsGDzGo15Pe5zA6nkq5e
CqKjHmiZ7q7jHXsFYikth3QACnNg3oLRHj97mdHDQDWK,HANTUvM2jczvqWPbkYXtQvBkfDnpQd97Z3SjxjQa85e2
BbgTRsfwp2F2nR9eE3raNUGvXgraySTFCWyvvXz1GiwY,H9Lu5LP9BLT19bzfR9sXU46YkW8kEBjERnf6yxZC5MHE
7mkr2BaLsRu3HVp23tM1USVbARKbawC6AWKDPAYAvbmC,H8u2L7RniBnWNBpB5JQQBWTM6AYHQijQsMj9ccGXrkJn
FkHuNZWsX7Z8mupMShSkdTUAfdhkQJXHsZ9stmSJEAiQ,H86uRGtro3EzVhASJu9fsA9UsWWihLewFxxsfrgGiNzw
4zdNGgAtFsW1cQgHqkiWyRsxaAgxrSRRynnuunxzjxue,H7yEcnAvAPpjm4ZQrowxmN4eRv7KfC43MrWq5eNcFdrr
FkHuNZWsX7Z8mupMShSkdTUAfdhkQJXHsZ9stmSJEAiQ,H7ikEMzT3LL8sxr16u6ArNuPVzfbeLMY4PM3FhgDZWu7
DenXVLRxRR3yrXFzwMEpnuizCcP6YMpaN9jUdZy2N8hB,H7ZrkGRSoa397AUFMh7S6U9ZCLtGefd1GnCPyw8vCwTB
4mpsX6y2qKCgYNchy6bRPU6Ky2tq7VZLdrfYmvz2xhUB,H77fjp1JkwxosutemRMA1cNbBxfUzsPEJbXrAqPb6fAx
7dy8heSXUKaX3nRLkQ69NetzQxZYNQgUQsCsvTeV8MVt,H6TyA7XDrMvnMK6FpbxSUdiijZW4WbEhF8wRgAts5o1Y
BbgTRsfwp2F2nR9eE3raNUGvXgraySTFCWyvvXz1GiwY,H6T4YMfE7z8NZKEr446XxPJYrxNQGw48K26sjFjcxFQV
G6bfDikmBmntCLcLdFTQhZ2zhqcuWygDpgou2Nq8YqX1,H5w2GWqouT334o8sNjEdVccaPqnnpiARaNnFDcFBF36y
Euxe7kjt1FrwofzTu5nXsn2LcKh4RbbzJx425ryqnvBx,H5tsJxELJgHnn5eFw7wsYMHamV3j2Pn5omeztkcxKAc1
8sNrHDuQeSmKjmfXu3TT2tbjmy6rAn7mTNHwZzhxoxBC,H5gqQGmoCoAo6MWS7utaR9Cdz8kMjL2NJLYzL83gAN9r
CyRzuuStoZQebUE4xQM5EUbvcHvMzGxgFes6xdRh9RiJ,H5XMfJzXLxnWr92bNhyNJDZQtpSUrv7a7Z7STyY241v6
B56NDdqVevb6K6aV9QwFkNN7VgNY3ZdjwMMCKSHZzC6L,H5FzW2oGnPM9uNwiWzAM94Tg5HC2NNtgp8u63gWGzetz
DZGyo9uB61bXihsKNv2yEie7XuwHqFwAnoPxqM1ML9yg,H4VyFewMDic6vqBVmWkaR7KWYrRqbNVfiMmUhpc69zLH
2iXiEEE4g9RdajtaCZKcFSRQN1xYXu1F6YbPGaVzg6p5,H4VVYKeejB8Rtvi3Dp5BDydxqaYnZ4yeZ3h3gpdstgSz
DEoo1D7gLk4LWtEeWhMCvdpNV8ZvAB7GwPaSAccaxQZx,H4DmwR7xiE3SXu6GpvFpBKkeMxhXnswmmdQqyPonU8bf
BbgTRsfwp2F2nR9eE3raNUGvXgraySTFCWyvvXz1GiwY,H3nUtjEGTCkgcGncBDnXZ3KJ2vdWvii5uo2JesrF7Dbj
ZUUcxZPQkMGXyVpQVp3YUv275T7yDUjS65M9i1noJNx,H3gMoCnicVy7R4yn7rFEksXpiMQomanKXR1XYnyVZnCs
85YK84ReFwLbpjBf5Pd16XuSHasvCzc5WQtTdsjdK6r9,H3VTVLVahpuLAry9ya6My9n4BQb33WewThX4ajKEfUrs
C4yo35zPv7x1MxRpMYeDzvAYYsaWur22mrZ282b54ySM,H3N3eoMSpuGFfTR6ereFHCxmG65cEPwdBsmq6JgoT927
JBsDrnf5JuC217FBRs1GNcLDGHqTRiEapN42ohDnUnqb,H2dgEzKwhFhetkPek5KQkTF5gBZ21siLqbMqTyf7fgSQ
DmsFcT68wqampP78Hm9E29DBLG99FuZJJmZAYw34uvrF,H2c8ENvK1jdav2QUcujkRERovWNeBm8Wwf1sk2sV412U
B56NDdqVevb6K6aV9QwFkNN7VgNY3ZdjwMMCKSHZzC6L,H1xeLyJhBQHGM6HNqNa741tVUBbRCLWacuMCcoq6hZ66
6jKoMo97ify51J2ZdHNj8d8vBvU9VdQvNfBCyEUaqagC,H1L6GVW1TDaQXAhkqiTTa3WXxPskgRwzjD4FkSby67Xa
G7WZo5eJPwbJWsWDp5YVpt3BJwcBnx3m13tLj82daW37,GzyFBScFfhvK8NDxnRJ29CrVFLL6qPB1Bfjr2C3hiqo9
C4yo35zPv7x1MxRpMYeDzvAYYsaWur22mrZ282b54ySM,GzUMPnGpLxVXcWbK83ByhB817mvY1jfJUwdb6XQB8T8r
ExEKCyhJ54KFngHcc8J4Q1ftxwrv5tbfmBbaVxp2dSkE,GzQJqDK5Rs1q4WCEQocDx4qkbWuPRGykYKHfSdesUJqW
F1LbTNvHKpjDqAvkwwp5b78nNqaH6ki4nzLUQQyxNeqc,GyurQiVWRW6aVEGsu1g34sGe7qvzaaySnvVpwnKp7U1Z
BbgTRsfwp2F2nR9eE3raNUGvXgraySTFCWyvvXz1GiwY,GyXX3ERBxr15muv82nTLFciz2voPfQVgtTvfsXctGEMk
7s6g9JGg3P5vZMnW1NXqfCWMhz7q1ZYrJVaQL1CNsqmk,GyMzxcMPhKDdzy7EsZdvHNUeSzFdbVuS5RqdkABUrBpV
B56NDdqVevb6K6aV9QwFkNN7VgNY3ZdjwMMCKSHZzC6L,GxtaUbfEFGdmbrHyD9EyWsAtXDV4zzeSAMo3jReAYLHE
8rjBZep7iTKBec3fHXh3KaK47gmujbvGQzVqZ18TeS5W,GxqLeEuRurJBjbaKqL9XyEg2DdFJMXKnfRynexSpWY2p
DmsFcT68wqampP78Hm9E29DBLG99FuZJJmZAYw34uvrF,Gxn3GyxXzfw9Tt5b9Fp9vodinpc2xJygkcThqNVuxxkr
wMWvm3i2qNobhL1TqJtyQ46SSmz2n4VrkbdbHkRkPs7,Gxfv2CRyLDhDGQZk6hiyQH6zKAqbpEz17CkLkzzBzr65
AwW8emh1xvdm4JQGdksquDajDe8rpcajb1m5G1i3XxNs,GxMHXLdyaqo9NEZz71cxyU85J5YMaRudSFnJA6TnZZzE
1BWutmTvYPwDtmw9abTkS4Ssr8no61spGAvW1X6NDix,GwbcrAkk8kxZw2yjXkJ8k5rMbyytENuWNwrYFNwDgahy
BavzvGgTEuM6mbZtnyLo6hgFvwaEAQZ7vBtrCwYJDZHh,GwRTiiepuftdS4ppbqMJgWwhY1CofyXUmycirxgAXMzo
HcTg4vkT1bU32Piw9UDo34CEKjG7kaL1ZrSYDf42XQ1G,GwKrmSBcrWRzFtadrNNmywmMkE9te2sFgZLsN148Ssio
66k4bTVmj5J1iguxkFP2duMCwTGs59821C3cosz9DH83,Gw1aJGyxH3pNzJucqvxBJGQSRTrhJ2yFSdLMXehrufi9
DenXVLRxRR3yrXFzwMEpnuizCcP6YMpaN9jUdZy2N8hB,GviZtzY3vdUK43Ae4PjBbVvHzB5o2YnnLjqwP3DNmBii
J4BKzARbSSrPYUn417JsSRnHHwNAKf6YVeQPpokaYMnQ,GvBTSSuokn6caVq4nG9W2VYSk5MovP7os6D4dkXZA1SZ
4DM5YZ5QVXFn1dfVuDEdrUCKQqYKe8HLUaG97y78vmbZ,Guz1gEMpLcyQ3XXjU5GVrFyF6jyXnnLegtqJCTRBgWPv
EKeBStmHfjFBu3RHaMCtZivjUvBwVmeNSoVthJGoXyEe,GuUGGnK1SDT9U21zXWxUpqEfAzDRGcdHtQfaFMfCgJiX
85YK84ReFwLbpjBf5Pd16XuSHasvCzc5WQtTdsjdK6r9,Gu7FHaDvEig1MjtaFcvtU5FgW79QQuavfQhpoiqjzZ89
Cp9V3qLnjjCH7SNrEAtjqywqeztZKpXckDK13BA3EBU5,GtnAKoMX7HzZEW9yDLSF4Qu56Se1CLDb3LmJwcKqgd7L
AwPofYhKEjL9t1BEC5oExcfg58kwoepH1YYse55QM635,Gtb3XuVjpoYtc3QrkLuVcnozy8fhsTkcDTdh8PC2Kbip
ZE4LyYi6TyjoEs4yPvGfCfXYAbmkptN19J7o5wPP8KY,GtK1yaJ4ademUgJxZ6Y2rcnMp865Gz3pHXoJ2DWuLB1b
BGgNvgCkmqy1sB6vrqZ6pF6me3TFjJP29Tg91rFaiL7R,GtDMEAGLcLDGGxr1yz4wWbhdsxmojqAfNjSJRmHFEtEF
1BWutmTvYPwDtmw9abTkS4Ssr8no61spGAvW1X6NDix,GsohByNLwGPcJaqHnDiE96u8jWZFazb8SRnffe5TBP1b
1BWutmTvYPwDtmw9abTkS4Ssr8no61spGAvW1X6NDix,GsZcvRGeaZj9FngmiuPiRTfagN3rszPkY1idjD3jViBM
BdsrCk3DRm66usFF37XnNqJWsCX8WPgwsZ6Nw9gxik7c,GrzoWUEu94pDwNprk4k1E8rSZWHrwJhXYt4JehGock3i
BbgTRsfwp2F2nR9eE3raNUGvXgraySTFCWyvvXz1GiwY,Grh6g6gDAz4h9o4XoLhKzXXVig44fXyzc1GjXAKFqx4Q
85YK84ReFwLbpjBf5Pd16XuSHasvCzc5WQtTdsjdK6r9,GrLQaZbtyerW733uYYp2eqpZZHxAeRh82Ha13HHmv1HL
B56NDdqVevb6K6aV9QwFkNN7VgNY3ZdjwMMCKSHZzC6L,GqMeYCFRckxUrZ1i95KHkMQb8EtWK5Btwmgb5jkK1MZ4
85YK84ReFwLbpjBf5Pd16XuSHasvCzc5WQtTdsjdK6r9,GpgeQWjZuFT75Y1LqHthELsupSKnvcWRpTW2Ew5eefEa
7s6g9JGg3P5vZMnW1NXqfCWMhz7q1ZYrJVaQL1CNsqmk,Gp7YrjmcERw76uugDGTHasJ3JhvsYTudiuaiP1R9SaFD
DmsFcT68wqampP78Hm9E29DBLG99FuZJJmZAYw34uvrF,Gp7XciLgfL6H4vUzccLMMktnDkJBNuJ1BiAYWcFA1Ens
EWSMKBTpPe94ua3juFQGXkfbiap1L6gCP5kSFaAXs9BD,GoYX2ZGZHESCvuuEmkAmn4kDiBff4f4zCoafUAJdQyKw
6tqsm4PCS7TRzJU3tCj1erb7uJ23yxmhgea68BjqvADp,GoVXv74wZWpt9kb4u5JTtdxfrygniQWR9sADePGGbj2W
B56NDdqVevb6K6aV9QwFkNN7VgNY3ZdjwMMCKSHZzC6L,GoCeNmQcV8jb1LNoc2xjYNQoLkWWXTy2hb3UiM5zR78M
AwxnQeEskNcZcR3oR75GMsyQN9wST1zCyK1TRkcktpVQ,GnYBVirHxZ4V9VTj6Er7i9EfgZjNgWnkLQMi26nVF4ec
3bRAm3nzFBzZK6ewkswwcbPkCcyyXoYdZi7mEGqEvc5A,GnXZHka9LQnv6yn69jPzYgv7j2Zm6qcHQMc5CS4Hsr1Z
FgY5QcnWjWresevhUqW2uWyf5KigzeLd4gsebvnVWpyf,GnGE979APv2CpGUK4Q7N1Zs2pavbHdR9Bz28M3SDgzqR
A1DZeL4TBtGvKb11ei4eBoAs1aRN9fB6wjgkLY8ER2dg,Gmh7tBPP7o1yKkFcSCmDvJTbKxP88qphfwtE1jVxupJx
3ntkjbyazUeqES1giPpcGhzfyY6WRQoqkD8P2nZRpFiu,Gm7x1JPcqq8ZvTQdhFjyACCUhS8xj4AxDEm999SGshZ6
7mkr2BaLsRu3HVp23tM1USVbARKbawC6AWKDPAYAvbmC,Gkfb59hXt3gTxzdYutgNwyzFsYbo4p9WAAUk5xYvVKa5
2qFauKYwgrtva7zQi9w5PY476n491WBJ7saVkjj9Fnx9,Gk1tTPXJp6ConFiscM4TGg4uPkL4msmcWWaR3h4wj4VC
CCutrzdqQw8RsFEbAWNrLachSy5umQJ6f1f9rqXYfyMX,Gjj7nUwxuXC8hqcg1jZuKHdLqBvgd1aYevsdrDMMonuu
DmsFcT68wqampP78Hm9E29DBLG99FuZJJmZAYw34uvrF,Gje9CEtMpJYdjpSFr5sAqw3Nus4Je29MGYHWdZVxSxeu
C82C8jRXM93upcqzK4ftDfdyfrtqfmNEiW5N11Zzwyrs,GjWttUctzoowj9xkRQcwSVnED9bdRv925gByL1LYdDET
J4BKzARbSSrPYUn417JsSRnHHwNAKf6YVeQPpokaYMnQ,GjSGc34dP1WfUPjK9UuWRXCdh4pNkb4AB1182XW4xscM
DZGyo9uB61bXihsKNv2yEie7XuwHqFwAnoPxqM1ML9yg,Gj1XoiLgNXhZWqAnp4NdZpERTpaeKWVMnMrt4jEChDWG
23EZ9wTXY1aeb8vsUVorkFWwxCG8DKs3qifuaq3uBXEk,Gijwv1G3kVD7XnE7nvGepG26gCZ2EfHCpNFCufksmtWL
DsmM9H5bnAqW7Ln6FZ2QNMegg8uggzzHMrvbpKUxdXur,GiKDjiLB1uV1htZMnayR9hzyK4PUJpH9jtSfyajzVWdv
ECPQGL4oXtuk7HCraTcT3j6wS7yb9jn368un6JyWkrJi,Gg2JSCBYw2XC8K8Jp6md5fMGP4FVpGxfeLAm7VgN6LYM
THthoAPa4rKqfZLe7oqzW2G6BiQoAuyw4Ty7GK7a9WG,GexJZoUgsFK8HxMc1q2Sr64yURv3pGNZYRoJ2tcSmmiq
THthoAPa4rKqfZLe7oqzW2G6BiQoAuyw4Ty7GK7a9WG,Geu83g3rRuGQY1eiafjr6LJc9TDZYX75iEsKkML9HsEB
1BWutmTvYPwDtmw9abTkS4Ssr8no61spGAvW1X6NDix,Gedr2g7mxPVA3xYjDNweYMFJj7hMMhJLDp6UGxSTxbdC
EM55cNYNfzarY6gZmWLmFZ9axYyLLZHjrGRVGwE5sVSY,GebPCQdphMDDM5yRJCyuBGMqpe3oxPagK9dN9eyiuFi9
8Q4fYfyDCD9vHBxYqdFww32SBSVWFy3N7mx5tyyj5KZb,GeZga1pUoDHieMA3dX9TzgbcxU1nPmqEATh4mFWJUwcJ
Gu18DKrDjYADUW3VCJvqR8c9aiKtnwbbPr3qKk8QDJKY,GdXeErYKQJ9YuxTHuCeyRzzZHeinwPYTVbJZezUpNYdR
1BWutmTvYPwDtmw9abTkS4Ssr8no61spGAvW1X6NDix,GdJ8m3cW8MiK2CGY1Wh7n75rWB1qBML6LtrugUzpPShL
9AZ46DFMgawi4E13bHmJqhXueT9Pt6JnmFtgNVtimvPj,GcneRbyRmFSnJb9j1cJZMTALHaJwsbxi9zWvkbNKUh9J
3ukVQkntQ1Ydosb5yMrwA7xuDbbRij2JNSb22zYLWCQT,GcV3dECdMofA1oBk3knVc9CqsaeRutUcqhkVpoQj7pfg
FuSgtgU3zADRdVxPgGSQqFaEzADMPzu4M1Bmagud3RV4,Gc1L1i836qFT5hThNcA8JTR4ovGdfgDcqAdVadZARh63
JCapwSzWyHkjuVrT5ZTyKwBHzV9oYrTNhZguAMc9PiEc,GbkwZQeENe3DnjwWmFDCJ6pCSzT7VEuxN46dU7UJbwQX
FRiKTTtBFCraXxAdN9WbE9gHsJHauHzLKf2t53xiyFRR,GbAJvebU42AccsRURoAKvSHsVJVj3NGFqdbFTqQSvLPj
2mWtCrLV7FcZxkYYp5nTPgGzBKT22qyJgH2KrhY8auZn,Gb4EmKDQEXd8SCx1nz1deKYAsjh2QLtTU1BSgbuPZ5uc
1BWutmTvYPwDtmw9abTkS4Ssr8no61spGAvW1X6NDix,Gayv2LhoCUt4c5ViXnXEBTFBQU892MncmmypayLaPTCr
7yEKqyfRMMw7idsttmkqXp2Jtc1ooDgT6aZ6jm3Vmqgn,GaciCsgsJiCi99qCZgJkUGab99BkvKXnzAP3SsbNMnf9
6HZ5BjrnLRkxC1V5E8mW2t9V8SxPhzz1RM8mBUQxxQ7Q,GaXjiMDt2ZR77VqQrvD19gXfkEbWYpWrDF5MGTX1z94z
ATFad6C6x89wCMnzTNW2HehzwWFXxofHdsAb6Dtck6KQ,GaD5EkUdwEYonEaVZm7r7jQA8MZQ4kNdAx6cMAQEvh4h
9Uk1YzmN6LCAzgXo81FyeVuEQ1fHJY6TZWY2d6owREr,Ga9dGJ2z8G8bS6ffwkvTzU89UycMcHUGXvu2rfScX4eG
4qpVA22vFmP71dbqC5n3iRchbUTqWN7ToY75zwCYqge3,GZyRyt4Ub5DY8eMdRZiziZLSkQtMQNZiekZWoKLxMeSV
A1DZeL4TBtGvKb11ei4eBoAs1aRN9fB6wjgkLY8ER2dg,GZbZ8QEwDsg3qMDdTEHeNs6oCy1Z3Xg4dMBNxjqiB95h
6KhisW1zBdcax1na44XZcSd4jgr48iRbBEieNVR1JtA9,GZGDzLe8uZ9vVmrkUGfKro7uzvceyhYpMuLxyko4zvQF
B9W9b4SKJEw2RQfAfvvT9F19hrpwq6hQPBKSkBSxqYPY,GYSNfEE4ZAkAuZ7fvUfm3HGHnLTTi26BKzV3cjX6x6bZ
GEJ3zU94dgUcrac9QQF7qfF1w62toYhXYDKKCES8pXuH,GXtLLndgo8fct8iYbr4daXugqzpK7JuXcenpCziRwhjj
DoXgkzBXa33v45m2kbMToH9FsDyAPNWXuk4xYCMsmAHf,GXhx2Px6z8NRMUNEVDSeqgfNHcUWPxy1rckogFhoi2Gt
6TP8eLH2iqH1AsffWD6PKp9g9oTfpdKrz98z9KEV9gA8,GXS2tk6PcjaaGmw3vsmfbXVTD2CCWYHnsiCTboPpypU2
85YK84ReFwLbpjBf5Pd16XuSHasvCzc5WQtTdsjdK6r9,GXNFx3dXjqS8jGRqGBHq378YqFQT8f327kTygfGP27ar
85YK84ReFwLbpjBf5Pd16XuSHasvCzc5WQtTdsjdK6r9,GXG8PaRtjWQazTQEChswU9qTm92K5Dus5d2XjpQT458j
Cp9V3qLnjjCH7SNrEAtjqywqeztZKpXckDK13BA3EBU5,GXCVsCWLZVhExqsxWSzixy2qayBxZG3w14Nydg97F5ZH
3UkiyhsXVpFHwR37QKe3K1qMup5ERxQDw3UfJu7JrS1M,GX6iRLqPVFin3spW2JtkEmuzXBxJxzj5ZqTqWAWejBF8
BGgNvgCkmqy1sB6vrqZ6pF6me3TFjJP29Tg91rFaiL7R,GWohqYW8AA9Mz1kWdqwf2922N8fSX6k8j1G2b7cxnHJE
6J2A2uKqNjCssG6xqeA5fBmjjBF3WstTcAoeKR5kuxQE,GWTsfByie5CuPuUM5fxaMzFbuwKYqh4cZPHXDTYu9Y59
773aDzyDLsTy4VtkKX3mG6Umdkg34Xk8yfdtTTpzDBf,GWHz7X7Qi78xDrfTpZQs4JBZT2WNLAeTWr46PPp99QFy
GEJ3zU94dgUcrac9QQF7qfF1w62toYhXYDKKCES8pXuH,GWHmqeRpDkQTP8xgpTw6pDoqdf2LLRNtofU14JRKWyu9
7mkr2BaLsRu3HVp23tM1USVbARKbawC6AWKDPAYAvbmC,GVqJMpejtZAhYt59CrPZczeghVjmgBNKFscE7xydnFUJ
1BWutmTvYPwDtmw9abTkS4Ssr8no61spGAvW1X6NDix,GVi5yxkknFXo2a3TbAk1Ki3F2TQyZDd7YnJtTCLn5nb2
CTpJok2CG2DN2dQdpwRA1hN7vWw3rRD3ed44kmm1ntTB,GUxxhJQ9dx6tVGEbFtEDfkrHpNNeuWAFkwRCxbSCVWAN
C82C8jRXM93upcqzK4ftDfdyfrtqfmNEiW5N11Zzwyrs,GUebEa6XbYcv3gFrTN8mf8jHw4eWG2NLz7UgwwxXzbeC
6y1y3iLYjcAyhoSyfsUNivkWaQ9YcXoXDAt3NQ86S2R5,GUeAktNT2pQ7Z3eL599Bw2uk6QoaXpmjdB1gHNodUXwb
7BMzc79CGC76Sauf6dq9QWwi7uaUPKqd4XRjtoxR4H3J,GUVULzux7Xou4pRrt3T4GQKhkqSUmprbbAMSsngE1tqb
BbgTRsfwp2F2nR9eE3raNUGvXgraySTFCWyvvXz1GiwY,GTzcNtE9SFBAxVoao9Wpa3gYJ7cqpWAcqrPPS4gz2JtH
EDuKpEv7j2oUxH1PZiAyajBk2VfQwR2RiFwE9YQ9mSzR,GTUpkr4fsjiQDy2MH5TkDgXSJJA6K5QXLVPXC2s5tZc5
7s6g9JGg3P5vZMnW1NXqfCWMhz7q1ZYrJVaQL1CNsqmk,GTFzeXQ7QTiYsEgF2BxJpu6cRA3fx1wziY6WKHy9aF7y
8Q4fYfyDCD9vHBxYqdFww32SBSVWFy3N7mx5tyyj5KZb,GTC4Uq4p4iGEFUXzgPcGjo9Mi2Pzb4WaLYyng8mL6rqR
6qjgr83UvGaVym4fA2Ms2BmzbzxiQN8MwGZsFjxZRwpo,GSTPoo3J6vTyg5ZVrjBE9aF698Lrio7VAyUYiWq31v6X
8Q4fYfyDCD9vHBxYqdFww32SBSVWFy3N7mx5tyyj5KZb,GSD49KZMw5ANEkXZAayX33CKe9HgrDjfVVVQKhDjP8jA
HYn8C7jiyawxxYjVwV4eUzUw2yndmHYDBZb7zCFScp83,GRhqmR7EkeqRnhXZsuqyVRL7BAhAEzZSg32BD9DkqAJe
1BWutmTvYPwDtmw9abTkS4Ssr8no61spGAvW1X6NDix,GR2h1Y1joaVc56KvAyQXfduH16MuivAs5maPmgsxcigY
9B2XQw3LsWph3uVhvJ6A2QeoR3L9vXmYropY9JXvzCva,GQZuogqT9a7Eps6X7jbTqXoq2fv3yfiBAYkLpprFAJzn
7vBUAJAjPRPohinfQwYKYjnrHCBagxubDqafwyrryJRr,GQWFffkACxDwNEMQZGuEgCubGm4nUQcdn9a1KLEmSjD6
DGjQ7o6kYJ6nTAyiYEXFyM4EThTMdavm55b1sJzVHCHq,GQDweznXUi1QHfhbDMG9FDyYAi1vwLaPXahrEgudZB5p
DZGyo9uB61bXihsKNv2yEie7XuwHqFwAnoPxqM1ML9yg,GQ5LXfeHZjQju15V83y9id4oV3UKRrvtE2GSdeEWS94c
3HpsMQv5vnUHW3Pc8sbU8U3KTGVd98Aa6pJUu7zgQwzU,GPziTP4LXnuVPM81karU7Dm8D9Hg7s25DsKkmVvXWbea
DCLNy3XtMgzAUBseM3BatZE1Bf5KgA67hWkcGTqUgALd,GPyGkMpFDir3G3L9J6t8NWvh4MkukgteGFr8wJFnct3u
FYmqBor2oxbSjfAhvFjHbgSqRnewwoRyDXCBup4XmGkR,GPZt32i5q7GmW5meVvtFLF5sT5rtwNyLTVRdWBvXKTVf
6XS3qp5bStNZCRw7AcY6jjvUPFcxh19PfSrtkmvymRPj,GNkd6aPcdKCLGc2kPRRzJwLZsYz4fF5CMkfgYyxw7Kff
9kNgnqdSVTnHewKmwvq8TLxCDDkdRhj7vBRFZKFYczzR,GNY5FonqJGmBiL43sSsubh6cT9ahGXCaW7TtL2tsjVgD
CmUSniPr8GSQH2ba4X34kbbrCWqBnFDruJ4ZzV9iaK4v,GNSuPmq9uDUr1XVrQ3tcaW1zJxbhVRnSuDX8QKdmCR5j
D4P5mGNv4mnPE7XeSDsdqcWeyKtdHCnycNQXk6PKdrFx,GNBrcGf5BukxhDZbDZN2FJfqkZJojJ9k6EY9LgeJ3LxX
7aLXJFAe4Mvkp8KGeeeXq87L5xqR6EMD1b517xpF59zr,GN3XiB7EGsHEuAAqd72bFJVPkAAigHUFaTjbxJm3pw4w
AwW8emh1xvdm4JQGdksquDajDe8rpcajb1m5G1i3XxNs,GMHCK9QD5YGGWybc5KUciYa4rPosLxRqoPBqVMZFgbTq
7yEKqyfRMMw7idsttmkqXp2Jtc1ooDgT6aZ6jm3Vmqgn,GLbKiWzDYxy8WhBeZYN7XnM6BbZDyoXyrnL5qdWaTutN
HMoZN3FEvxuecjGETQMa8EGPsCvibAbPfXP6h3cL4E8b,GLW2er4otspts7UMq4bqK4N4Mm64fJaTB7PeHxdbkfdu
J4BKzARbSSrPYUn417JsSRnHHwNAKf6YVeQPpokaYMnQ,GL5e6ZZfLvWjQW8HDdrfx3czjjMy86SpAigryCWNzcUR
5RRzt5impbDhzGepEZj44JqTu7o6NmXNRKSM4rSQPX1z,GL2oZnTpVMiWrwn2jfisFNuq13Uzkz3ZqPJu3VF5NfAq
3ddsSwvFCpKUNKCtDc1tXJWerxPCooSJDmynSDjTnkof,GKs24SEzuhL44MDezBhPmrChYJGxYsjkzndv1cQsbcfQ
6dTJGqWv9b2mmRsNypKAVHJisFNg1ayJsgRm7XQR9eBY,GKHjjsupXA8PxxFdaSWBSkM1u23AWZyfxhcJGC75UsNX
C82C8jRXM93upcqzK4ftDfdyfrtqfmNEiW5N11Zzwyrs,GKH9EGghnovka2Jf8qhDmYVt2mMTYZjBs3XXGMXCVZCd
7mkr2BaLsRu3HVp23tM1USVbARKbawC6AWKDPAYAvbmC,GK9HF3SVeme4cGZo3cPZNam3FpctyBJqU5bf1sqZmKdu
BbgTRsfwp2F2nR9eE3raNUGvXgraySTFCWyvvXz1GiwY,GK8m446YwsFcJ8ZDzQqx542jFFizcmJxcTYpYu5ZfXsx
CyRzuuStoZQebUE4xQM5EUbvcHvMzGxgFes6xdRh9RiJ,GJaKb4aXEkw5SfFLDseGmBd3YS2e2kVwVCeLqv5RRuCv
5Mic1WZXEySfSaeghLahBkqbS52i35vwmG6eAPEc3oph,GJWm8Ce23Xs9W6uCJgnU7ive8WY4d2Dq7vb9i9eneReT
6qz8LAvktqHV4FFg2uuaZyzkavDUVPp1rZgamD2LnXjd,GJLbDkjzNP96xBjHPvu29bwgREry9yqinBa5MTParmwF
4KJvgqsAgZkKtpNa1yf4336v7hzJfuVJva8AtxW6sKFB,GJ2MbkVUGrvwg1ccxbSvM3LdidvQzt6KpUC9SWufi5xU
5RRzt5impbDhzGepEZj44JqTu7o6NmXNRKSM4rSQPX1z,GHkRpK1Ktxtsu4Amt3ZB6XheUQuAcuXcSRvpPiVLpALa
4vaeyRG6HMcCnkD41wXNezNfNvhvDdmHxNViZwW2Mdrk,GHTKRPG6HnaiiaaEFSr6pAW3Z9KZMQasVyvCQRjJevyv
DsmM9H5bnAqW7Ln6FZ2QNMegg8uggzzHMrvbpKUxdXur,GHC1QPC9aFLxEvNodkGRLHfoFiRGzZWVZgifsrncQQBk
251bqjvDM87FcPUmDcSEXoVfij6XeeRKD9ZZxLEard8H,GHBZuMmb7GRJghPHvx8Z7K2fm7mpEv5b2nHXMDJzwR7p
Ag4tHbHfcqV9rVob2Cj84FCf5JMzeHMqGGsuf1kv8jEP,GH8wqwnHHGv9xV4KibUJjYaKriwmcNfnBrfrQrypnXBV
A1DZeL4TBtGvKb11ei4eBoAs1aRN9fB6wjgkLY8ER2dg,GGYLmEPCpBs6CqnW5bc8itCA1C7ne3Dx8tYfhJCbxqmB
B56NDdqVevb6K6aV9QwFkNN7VgNY3ZdjwMMCKSHZzC6L,GGWQVHUr2cygkkngJtiGMtkD4pjAbbRNWSJvimGT2nFh
CyRzuuStoZQebUE4xQM5EUbvcHvMzGxgFes6xdRh9RiJ,GGHob9AVh8CmJKyg9f4oSw8XeFvxYmyy1ZaoMiTRzbk3
3ufsP16JoRCoTQnkRfKYFD4X3nTaLj8o9BGeWkdnk43w,GG8aDgWMabatwSEFfFPbxVqMj3q2aFgktZh3twACxFXX
BgcHttqUndz3koLtVUqZELci8hfFtkbzJoxh8TWZJHVv,GFrn4YBCHBX1rmgtp4tsTLg7pyuWVXaiSTF5iLY2ZRcH
21ufDGsSo3cLvJ5ckMHbff79mGL6faDv5jxkuSMTseKb,GFRXBVQmMGYme9fbuABXUPU588uD9NfgvJjcqsxW95XC
DSZhtQdLvkTAqTHEkdLVmfJtbrRAo2979k1rzHJ7HmkJ,GFDDoK58CGo1WUcontaNciLuqoV68af8Mfw68DCVN6H1
88SuCsHZy4K9spQixvep1uXN2L3JL6rqatF9uhVjT5Sj,GEoB1hoD9i6NNfc41YBNvkaDXm3x5nviTFuUMuyU6bSt
98x4kCEBreSSi1bLccGpsyz6oYWSnsrXjgEu1nxHgVG6,GEg5MmYrsqDygbA5925ouodrxG8TuXYzfw59ZsVTyjnn
7aLXJFAe4Mvkp8KGeeeXq87L5xqR6EMD1b517xpF59zr,GEdPMsD1hNaxtyHQstdvAjdg3usFkAYGfSKwrYR6d8SY
GM2ngkq7sWUkzQUCJwS8B5oeFJRUcDKQLRMYdTnSZNcA,GEaSJvtBN63PCpLyjFrfRonUd8XWdukhQ63MkdjNjgH8
JANhQDgNhrEGoyPeoY7Du1igPtPanSCz3ypZL2RMjDJf,GEH12jMMTctLkvN6mygyomk235fLkGFCZAe3Lpahe7rv
DZGyo9uB61bXihsKNv2yEie7XuwHqFwAnoPxqM1ML9yg,GE3xxCPH8FypKVLQsnZ5RCGhHReAiJ7fJ3tYg18AvXW5
85YK84ReFwLbpjBf5Pd16XuSHasvCzc5WQtTdsjdK6r9,GDHrHmA1zXGTJ7bdbBDJ5WJspa959kbHzN4bub3i5abb
ECPQGL4oXtuk7HCraTcT3j6wS7yb9jn368un6JyWkrJi,GDFzRn5PursHq5jzYYE554nK3w8UJ2dhxDGJn7NeSJgZ
7Ujbs3Qm7n8Bby7P37GbwPR7kDrL6L83eQMFCsByi6uZ,GD33GYtayAFQzbLvZCviNSJx1Fz13kg8Sp28v9ywjNj4
FTrH7Q3jJ2gkPwvpgR8KDGtmewRbB2RKBeKYaZH7hiNy,GCnJ2DsZgA29qBjF2vwWhgW6dEH84AAQpzMpcBe9Xdio
5RRzt5impbDhzGepEZj44JqTu7o6NmXNRKSM4rSQPX1z,GC2b13zFgU3qU2czq7YfUgWakTbA2MJffM2LEv9Fj8i2
85YK84ReFwLbpjBf5Pd16XuSHasvCzc5WQtTdsjdK6r9,GBJpkQHdD3Lcuf9yTHqZYt97DTshWM6D9sdsDFbsD9wp
ECPQGL4oXtuk7HCraTcT3j6wS7yb9jn368un6JyWkrJi,GB7mJVkggoeC35sTnn6k8rqZUg4VuRiwqHaJSAndxBAJ
4xsJuLwBRgqtgfgVsiZhu2ASZk6GyN2iJpmFg3udtPA3,GB6BtCo8Akny3F9giUR2wi6kSuVBWDVrz85ci13jWLzv
5RRzt5impbDhzGepEZj44JqTu7o6NmXNRKSM4rSQPX1z,GB2y51445CtzunE7wDUMK542jWm7qo5oExi11hWTBsry
BkqFAmwuRpTDsBhB6oAyRJc3h2mYbXRmzsxzggEWfhTL,GAqLZrWRkPAKH7aLQXxSGj3QSbavpozEAVMdEQMJhTLR
6GWGM5Sg1JnTwGttXAvPmn9q3bcTBmQA1ZCYZN7DrwUh,GApzYsxQeJNQxCTU3DzPJba6NtKF4gv19vas7xuejkKN
HMoZN3FEvxuecjGETQMa8EGPsCvibAbPfXP6h3cL4E8b,GA8GzTsgxvuFNBM16HzZy5UWWPqFBJs5GEbNwXr73MFs
CyRzuuStoZQebUE4xQM5EUbvcHvMzGxgFes6xdRh9RiJ,G9z2XXQ6n8Yg2Rjm978tFMmGFLuV6SNfaVGGGBQVTUFm
7aLXJFAe4Mvkp8KGeeeXq87L5xqR6EMD1b517xpF59zr,G9nA1RKErLNtiLEeeVYtuBoQe49DQax4bdQMWUtoc9t6
BbgTRsfwp2F2nR9eE3raNUGvXgraySTFCWyvvXz1GiwY,G9KxbJ2vAYfTnkAunBK8ZXoXpFqze9c8uHGYYRxXTpSg
FoXyPpAEzEVCqg9rKA4V9R37kH8gvjMVqKsQjN6A8DmE,G8rZaHZXEM6knjDNB2hwK6LHz7aBmryo4uui69vKfAXs
7mkr2BaLsRu3HVp23tM1USVbARKbawC6AWKDPAYAvbmC,G8oZnbHFdfcs2rkkyKuj6Z11LVzXKEdde1AxE1xLcXwS
EKeBStmHfjFBu3RHaMCtZivjUvBwVmeNSoVthJGoXyEe,G8nHPN7WCMNJ1ev2wSa3PW5Z2Rr5FBvduJ2tyxpAFg9w
71BCyN7hLuj6wVvvWZJZg6in1RPGHfc3H13gQvt2jKY6,G7WYDYJKRPYL1zpwkTNsT7cEQBYTMznyzcpHFhMzFQg7
1BWutmTvYPwDtmw9abTkS4Ssr8no61spGAvW1X6NDix,G7DkyspRSJzvg8Tfr5oBvmhoJeSYrGTQETZqLGm5WthD
CP3etGb65J75qxmyjaYPwuv3zzMz35C8ZtDwxv4J8KHq,G78S17PAdccnexohzvAeCFC7JXRFbaGWuwTFjPfieva6
B9HZhFfAQmvLhYEZxXBKuN3WEJA9oUuGsR2EBKToN5WC,G6tukvdtK5HVqMcdnucF8vMSY8RSpqrrrBmocm9UGXHN
85YK84ReFwLbpjBf5Pd16XuSHasvCzc5WQtTdsjdK6r9,G5mkLyxsdyUZwhGgMx694DQ72mgNcmefr4enN51aCWRH
51o1kfbAJmEGuCbBg9sESpqemPwZgdaTc46wRQRWZ6WY,G5UHakgEZ1rK5KcByUb4dZ4XegExKiqExzop3HtbnVZW
85YK84ReFwLbpjBf5Pd16XuSHasvCzc5WQtTdsjdK6r9,G5LsRUPoXxK36dbCBhfYswRqx4YFDgfiicBAFigXr41R
ATFad6C6x89wCMnzTNW2HehzwWFXxofHdsAb6Dtck6KQ,G4VdTLVxv9FZ6JsHkxbLKSrbG9tRPdHUqaAUnEfC7HQN
s2KHLcramsi3usYfmX3qqMFTPiCWwqiTBPj58mFEqcV,G3oBryFvdyqUjAU9Yue6i1LzXuEPpwVMBzKysLRsLz4h
8qFtBr2L596BZbtHwoNGWjKPP71VVb4PRAGj4mJknXbu,G3iAgBQcFNrR1P9mdMiLVMxTWR1ja9yJEBVMfMtJ5e4d
7U9m7RztwQcA1zYof1kf1iAeZw6bdxmApZ2H2KUkAzhz,G3h1qgrYwYguKeUd6cyVvWUGxV8oMpo8X5Z7dovhf4jL
DenXVLRxRR3yrXFzwMEpnuizCcP6YMpaN9jUdZy2N8hB,G2fZ2URrLZVfdJvwsHiYnbSr6CZ7gawP2QzX2SVSDDie
2mWtCrLV7FcZxkYYp5nTPgGzBKT22qyJgH2KrhY8auZn,G2FpGHnnnToAiLcf2AtcZxfzaT8NiVvwvv5sFmoBamqW
gCv41sQZpWwVx7K8ec8GqtMqVqJBkmb6p1bXwbNZEUJ,G1vtBVD1csYZ8PQhJjJq2gyuqZZfUBjeKj6Q9gz8CPmx
ECPQGL4oXtuk7HCraTcT3j6wS7yb9jn368un6JyWkrJi,G1CgskviEBWbBohqR7irDisp49Cs7jqLKz27U26HbUfc
9wZfVrquxEzQjR6fiGmP4s4Q5MwQFFTDFaGwJi762JLK,G16J4dtYB8sajsexGQJV4xGBPupQrS5J7EGV2b5qFDSw
7pLVofwG8ydYt6nyhgsH46ZxchyUno5RgWBDmAeDBD4b,FznUkGCepDBJWJxgJsHdZbJUr2pLT95ACgz8UiR5dXoZ
FRiKTTtBFCraXxAdN9WbE9gHsJHauHzLKf2t53xiyFRR,Fz5WVCvUToA3z9eNqqUFT65mbhzV6JLv9PvyYFjxw5vd
5x4sdY1fDxesDA7oA3hh8Bh7c82CRHxNSeurm76KGHT1,FxxZ73CqVGMNYEApCBuYfMHMq43Eynr3PWG9DwQL6eYk
BTKLNJ7swAfSLyqC7JktbwpVj7TZR5pFHvPtofyLKeCo,FwgcpFyw37Cy5sutf1HrECzJYh6GaTV44zeXg2DA9XDt
38Kg5ejDff6a7izCDrHQ87Q7zmaU1VaLxYL6RCno4Mh1,FvyjwbSu6pNuRfaBrMor4hmiCWLDkJCisqvxvW7MnS3w
DtY2o4h6TZEtQAsV85LLLzLENWnowP9Zehk3Py5YNPfM,FvrWt5e3pv4Dc5PtEgj5vTN2uU1c2KqB9ARZGPm5DtiU
BSBPUGW5RtxeXk3wD4Vu7szRdJBJBoe5yJNkuZngHaMZ,Fuuyc3dT9RyALC5j5tCxKiTQN2mGL6WLriyFjy1g9BjS
8UfB2sfsFsb4B7xisKj7wYKWbQrmEd3nF377AaD9yf7h,FukX6W9yxEy96TgdV15Vc3EdyzzHR9X3Uxn9LgB7zsSX
GkBx1kfm7vzS23h8r4hQSYPetNnKdykZig1CyRoQfkax,FuibXVjvdsHSn6kbsS2ibg7UnEnbFWA1UFQC6j2jESB4
A1DZeL4TBtGvKb11ei4eBoAs1aRN9fB6wjgkLY8ER2dg,FuTJ7rDc1kozbGqYnTt5NPScr995A92gzaJAzUpfW8R4
EKeBStmHfjFBu3RHaMCtZivjUvBwVmeNSoVthJGoXyEe,Fu3YnF7LafWmr5BtMDBML8y5Xjhw4yu4o6yWfCPStWpd
6XS3qp5bStNZCRw7AcY6jjvUPFcxh19PfSrtkmvymRPj,FtTXqaTZ9VzVbwpYcm4dSTRMhNKaYcJMaNnYpL6e6EWM
H8CTj26DFWE27gwJemvfXYxusopHWg1fdFv7hwvM3v3a,FtEFYsxq6yWUFxrzU4dvbWqG2urQ44x8MtJZnYhwcpan
1BWutmTvYPwDtmw9abTkS4Ssr8no61spGAvW1X6NDix,FsyxJgcpnYwd1ByRajzbxrDjZnDgSBcWBkb5ZqhLqJW4
BbgTRsfwp2F2nR9eE3raNUGvXgraySTFCWyvvXz1GiwY,Fsx9ngAZ431ywnftjJxAKUcbc4gFxV1ZHsponnaBvSJp
85YK84ReFwLbpjBf5Pd16XuSHasvCzc5WQtTdsjdK6r9,FskDybefAVi9ZHnQKJpNGL4RV6mmDRwFeLoeznzLe1uN
B56NDdqVevb6K6aV9QwFkNN7VgNY3ZdjwMMCKSHZzC6L,FsbjK2ZUK594kh2TDtK7B6ZAkej1PSBhVyJYYWjTMg7z
2diPafKmPqTyv2s2qF9Qr6SqcaNrLeHw1XW7ovp8XPBv,FsKDQGo2YFeAVmUhpsAozQmN5UWDCutedgAUcSxykBNc
3NGoyg2VXq5WZxgy7zbYG61qNcBusMsdogxiiyeiRLs6,FryCm1ujLe1x3fC81zVgZiJSKW5sSN33EuqVvc2VLhoH
CCutrzdqQw8RsFEbAWNrLachSy5umQJ6f1f9rqXYfyMX,FrK1e5QKiyxHziWwhjRusLXRPM2txVcDTJaumYbqoaPE
7mkr2BaLsRu3HVp23tM1USVbARKbawC6AWKDPAYAvbmC,Fr4MwuMhoBWhmLGGC9ovx7AqN4thYExKQP14hiQvMNNL
DenXVLRxRR3yrXFzwMEpnuizCcP6YMpaN9jUdZy2N8hB,Fqu1iymdT8LPMzEqJNoheVkTkUL8qrWzcqtg44VVG9Lx
A1DZeL4TBtGvKb11ei4eBoAs1aRN9fB6wjgkLY8ER2dg,FqYkMVaZyNbjNDt1dga7S9nyGEeY12HnCqg3WC5mnBPd
7dy8heSXUKaX3nRLkQ69NetzQxZYNQgUQsCsvTeV8MVt,FpkuB9K7nnv4XoK5Wx1zpg59s6AyACKdgGn4XoRXJQGx
AjEfNYn7uPnt82wobij6okZ2QhY5H5xVzCGzbJ3xkU3r,FpiPV4H6WTrtJFCxGs2Pjcfk6x5pxPXaDpbNshDGHuSv
85YK84ReFwLbpjBf5Pd16XuSHasvCzc5WQtTdsjdK6r9,FouYrQJKcRAmyQe2AmxadUYwZfDWTJvKSHANb9NUatsM
46HRYafCqKcAaWzw3H5QyXuEATGxR2v3bgQYyW2mRRdb,FosToF2MCAmyseGKAWESxc94UmoHCqVzCJg5SF1s5pc6
6Pb5U7iSSkq7YcTeP9Qdwi9dfNcRpqgSpxA5wWuU2Eau,Fo7TTPwRPptMN8Gq5PYehvF6BymP1Taus43xrEPybbNX
85YK84ReFwLbpjBf5Pd16XuSHasvCzc5WQtTdsjdK6r9,FmDza4wdqKbD9dno1D6sTWcQn5Nm22cvbvogBjH4LV9v
HbiQozJSpAT5mdDkEtU654kmsQyUHwyzRaMWbWfdpoD6,Fm4pRX4tL9dtuohjdPV9TWvkucN8dZ92omEWzVsmQydc
CCutrzdqQw8RsFEbAWNrLachSy5umQJ6f1f9rqXYfyMX,FkkhZ2rHJw8JwVnAuEcZXCNX2RVYoBL928n4yFZyy8bN
6UWokqQxV4mcK7DeggjQGYMvLJ5HY6zH8AM1Bj6axPGw,FkLoNLcNfcn427GPaZQBwz6pF6voWsFXYyZN9MxNckzi
2RYFhZoFaRtEXSGfagsGeTWSKGcWQWLifpKbHmZiMaei,FkJe2GmWoaH7o51ZeTy2VZHds9K7VN2fnBbGYDApEV44
6y1y3iLYjcAyhoSyfsUNivkWaQ9YcXoXDAt3NQ86S2R5,Fk8kxodFJiKo96pFUmL1G9b7EehUmY6rLae2BDSvqunk
BbgTRsfwp2F2nR9eE3raNUGvXgraySTFCWyvvXz1GiwY,FjXeebWQLBehWhEVwFE6EaBW2gX2TRLaRP2rXEBZErL3
7s6g9JGg3P5vZMnW1NXqfCWMhz7q1ZYrJVaQL1CNsqmk,FjE3GBdGdqu6MjuaFTcS7hKJf9M2nwPwjVwfREuponXK
9BuiSr8fyBcvdt4KVvAQvtfhYH3rJq1fhj4xAnyJJ2Xk,FiXokRGuvKCfGc6u5CTgvfeE3dNyULcETzyDCoXfLe3P
8crEFD6R82oVbYwhBHTDKTZvFJG7qbuMDgmAEsz5ijw3,FiR4KMZeikfqeYCtrupNefUJ6aKec7dCsT3PKGv98SfR
85YK84ReFwLbpjBf5Pd16XuSHasvCzc5WQtTdsjdK6r9,FiDCS1cDp4qpZojRxKbAcyXw1dWjFYMMK9FtrqnykJKw
HMoZN3FEvxuecjGETQMa8EGPsCvibAbPfXP6h3cL4E8b,Fi3gqc156EUoQjfUTVvhi1F2VRDfwKvN1vWNEDMkvy1e
ECPQGL4oXtuk7HCraTcT3j6wS7yb9jn368un6JyWkrJi,FhGtN1R3o5Gg8AGHBbwUZ2npHnttZBybwLuVsKtnvWfQ
A1DZeL4TBtGvKb11ei4eBoAs1aRN9fB6wjgkLY8ER2dg,FhEd9Mg47JpLUCirfebFce6QJaKrP8bJ3vu73TEqCKhe
BdsrCk3DRm66usFF37XnNqJWsCX8WPgwsZ6Nw9gxik7c,Fh4eYbwQgyyi2jpSEF19SJAG46ZwrfxZWZ83S2jxoLFb
APMZny84AZDWCY33trBMF9noxrLAMRzH8Yanau8hn6Fs,FgPRRoSujM5ckgS6vNXbrbYXb5eSBd9N4zbYMo1mzqAp
8egJKnneyx649wBZ1oPFBP8uPVjRkPUjgrvrcwVRsTsY,Fg1R36e1MW1sXFem6FCwRBvp4RM2UtXS2X8LbDSwHNkj
ErvEmQWHfnvJX6D5VkPQorEWKYf2kKbVBemXLq8WzbKK,Ffrh7MgXBmMCmwN4YjV9h7dTPmyNpm2hdfkxuQiNxjMY
8uFoRRNhDx3s5qvu3jTBPkXRSUv8mCXVGLGoPHWUK7Ek,FfEsZDsHmM9sPxAKfgSpqfAn7hYLjt64Xer7EyuHWNPh
Eq1k9Eo2UUuUx2fQvWRwjJ2ES3RqJXv5foBGJpKEPpqC,FeixJFgu3atu2SzVWjYCMGqykvmPCZnmuxMULS2jV44z
Eq1k9Eo2UUuUx2fQvWRwjJ2ES3RqJXv5foBGJpKEPpqC,FeMdXFHwdfX8diT4tjcZrTGGFyZpkpnA8pLXD1UVHi5u
DmsFcT68wqampP78Hm9E29DBLG99FuZJJmZAYw34uvrF,FeLMRfsUitm6BL3wywXVTvxT3WeDhxkmevjWCNhJbj95
8xCKu6C2k6pMYfvV6j22Z3AKFt9sR7rGx5cQ5sHjKv9W,FdUJB6ia2W88vj8LPeKS4k4i98EYZQESbwEXFhAyNhDu
B56NDdqVevb6K6aV9QwFkNN7VgNY3ZdjwMMCKSHZzC6L,Fd42PAutqPRt4D5Tt8fvpHkoYkYbFhCexhw82KUkr8zq
A1DZeL4TBtGvKb11ei4eBoAs1aRN9fB6wjgkLY8ER2dg,FczyRkk6VaWUgxqSG5cc3RcnE8p5RCznanmSG7MRiSkD
GmFonBFUe4m8YEmd2rNsjxFCV5nNwFwN5s3PT1tR4rev,Fcsj9jqzSZ22bda4FmLJUQKRsETHVTqU943b2YktvfPF
BGgNvgCkmqy1sB6vrqZ6pF6me3TFjJP29Tg91rFaiL7R,FchydeMaz6bRMTfSq5TLBCBUHvzFXp1WDqzpZmNjYFKr
D4JQJvYCHGpygknPBF4JPmSbHU1kup5E9uwBdiqFag9h,FcXU7SoRnsu9YwZvnKhEyoyuokoFNDeyuP9xFFqfTEpG
7XTA9fghWkcT3rC4Upmi7egFqGhUBtCnJwNuRWHF3cVm,FbywkF9hdJucEkUjoyBMdh6x7pgDoQmftbCwuaeokZ6T
85YK84ReFwLbpjBf5Pd16XuSHasvCzc5WQtTdsjdK6r9,FbwKC6F8VmcjJSzRRgh9fgVQubHq9bHJQFzbZUZfLXDg
B3NyyoWNzyzvpWv1G6a9gZJMjD1sTQBdZojBaH18mNjY,FbQHLuT1EyEhfg6P8hfPfhZy3KEXnS2Ls6U9vF695Zip
EBMU1qZXJXNEST3rqVJtfV8worria7nM9qccCEawyHyX,FbP8xzCkBzDXkEizqWJ1Jm4tXRr5uWXuYZsV2Hwzp1z8
85YK84ReFwLbpjBf5Pd16XuSHasvCzc5WQtTdsjdK6r9,Fb8tdKqTGxMERPhNbg78tX4SJj2FMQmiuyf4aGW1CFjd
6LgoGQ1WoToJsJpzzUrwKKu3Ah6awF2JCmrxq7W56pgj,FavE5jUHeDP74ex6aY5rz5TUDh9tvHRSDBGNijzgNXv2
8Q4fYfyDCD9vHBxYqdFww32SBSVWFy3N7mx5tyyj5KZb,Faf9JXooQpHLpKeaT52xv1z941JcxnvJYFr24BMvpxtx
ECPQGL4oXtuk7HCraTcT3j6wS7yb9jn368un6JyWkrJi,FaLp33bW37LFaSs53Ea7ePAF5yfsoUAHQ1UmP2Pd5LrQ
5n5burEA16Kfmwi8dwmrhc2723G1Ge2BDDfGYQBudFSi,FaJmxf4WPjnwwZ5Vh4TzVYsF2PERkvQ91K4GgZ5LgUiV
THthoAPa4rKqfZLe7oqzW2G6BiQoAuyw4Ty7GK7a9WG,Fa3NszmGaF4tsMY2Ly5z8fakJpCXfWUjJFTxpy1hKSGs
HGDgNDA2zuYXdPkiU2JCgQ2h8NThYFCTvV1Gp6Q2vyw7,Fa2smTcZedtU8drP3tSXBtiSDVMG5iSoGqZAupouNmJD
7kjLsQR3GKCRAfivG64QYD4d6aFQySEBdU8r9TaR6GEQ,FZuXP894XE4qp8P87X5YXarXBNYkVAC9DFFRqxRbxJAa
FTrH7Q3jJ2gkPwvpgR8KDGtmewRbB2RKBeKYaZH7hiNy,FZh52W44gqNqNJ3iDhQAPQGsXGTvCEdFLeotR3Dod5Xq
7pLVofwG8ydYt6nyhgsH46ZxchyUno5RgWBDmAeDBD4b,FYKe4q4Es7V7NENkwoQxBAZd8DA3evVaYuurFuPqoWq8
A1DZeL4TBtGvKb11ei4eBoAs1aRN9fB6wjgkLY8ER2dg,FYGPxdE5jFnzCNG4buVA1W7d2p6A783zqhMcTXspDaMY
BdsrCk3DRm66usFF37XnNqJWsCX8WPgwsZ6Nw9gxik7c,FXtvYGWdeF4D6qjeUKXwZL3u2YFfKgDMXvLSNL2bPMBD
FRiKTTtBFCraXxAdN9WbE9gHsJHauHzLKf2t53xiyFRR,FXKho3hUTcGAQxj1p1jAB5nkh9GX7fiEdzmCHfYU8rHA
J4BKzARbSSrPYUn417JsSRnHHwNAKf6YVeQPpokaYMnQ,FX8Au2GSqKypWByF7EB873UHHPGKaDgQNqKeFo458quZ
7mkr2BaLsRu3HVp23tM1USVbARKbawC6AWKDPAYAvbmC,FWU4YmGNYx1oM3M6U1NhAoRi6pE2Gy8LVogVRid6sfFE
98x4kCEBreSSi1bLccGpsyz6oYWSnsrXjgEu1nxHgVG6,FWBP7QZUgMW5qtniywhr22u2Bzi5cvd6R5Xi4LJ8fpXq
7uHDmhiU2zHTPrtnhbywBETBsTYWf6eYJRcGnjMJVmWi,FW7rpVUt9p8vMCpL3zaetR3TCoi9KqqeTPhgnDX8kkNb
EKeBStmHfjFBu3RHaMCtZivjUvBwVmeNSoVthJGoXyEe,FW5QEb2JfcqytB9B34AnyrTmgKMKu2YUBdZvy52pBsgX
D4JQJvYCHGpygknPBF4JPmSbHU1kup5E9uwBdiqFag9h,FW4tfPodZNkEoAh2dUgrThv4q57diUPaXHdted7aCdku
3ukVQkntQ1Ydosb5yMrwA7xuDbbRij2JNSb22zYLWCQT,FW4RhYntA9yfR9kRPL14GctV4hJPEK3CP9ijsLYwgfiJ
5RRzt5impbDhzGepEZj44JqTu7o6NmXNRKSM4rSQPX1z,FVaAf59mZHhNAZof3AWVjcZ1C3CB7tQEjv11Nf2veZ48
9F91HmFYbAfMujt2uRAtV5vKRRC7GwJXuP1aBs9J69Yw,FU6uSoQN9XVe4hyZTBD28Qg9HQq82aVppiko6vQiRKP7
FuSgtgU3zADRdVxPgGSQqFaEzADMPzu4M1Bmagud3RV4,FTy8ziG1pdsSsDCnfj8n4Bgt4kM4FpVZjV2b5TpWZDBz
ECPQGL4oXtuk7HCraTcT3j6wS7yb9jn368un6JyWkrJi,FTdqqU24jc66XsjVfzFSzCRUd3HKUYCNwq4u3ZsEJFMD
BCeAxYDhbe91vRybYsk5yyt59Ci1bJC4DcErq1mSJMEG,FTZJpZ7ikcRTE9dWPq93bRnMRub9U6MTBsYg6AMZ693N
7mkr2BaLsRu3HVp23tM1USVbARKbawC6AWKDPAYAvbmC,FT7ZNAVSbuwG93SQwx7JWyftfAPDzJstWzqXEDp1o4BB
7s6g9JGg3P5vZMnW1NXqfCWMhz7q1ZYrJVaQL1CNsqmk,FSrwq9L5GHmjEzor2bX4fZ6JZsC8Y4His77rdytN28d7
6dTJGqWv9b2mmRsNypKAVHJisFNg1ayJsgRm7XQR9eBY,FSgagURbE4hoi87mr1b2ihyUrmKjojyo994WfWM4CHEY
85YK84ReFwLbpjBf5Pd16XuSHasvCzc5WQtTdsjdK6r9,FSVTcCssUMD8QsVJTgCMW58BaeUoS3eJ5v6K4h7dcrjA
85YK84ReFwLbpjBf5Pd16XuSHasvCzc5WQtTdsjdK6r9,FSMkJupzGHoLXtQ5hvPgFDmEzsfWLPPVQ1sZaPAY8ki3
A1DZeL4TBtGvKb11ei4eBoAs1aRN9fB6wjgkLY8ER2dg,FRw7vzL7qu8q4TNfVmRpFzDccbjNX3tU5MasCn5sjrUw
HrEvx6trYVwXeXtS7xsB5GnWGQLZMu9bF9GtZi12hWKB,FRg89WoYHsjisyRjrdJzGq4SMU3MmZGGiB7kx7UYQSCJ
7mkr2BaLsRu3HVp23tM1USVbARKbawC6AWKDPAYAvbmC,FRa5vaHrBWPhc77qxANNjVqbNcqWb1soNC1P8maxXtvK
5pz9onkVW4cxdVsfCvcRxh7JpymZunSP1sZZ2jsQjKmQ,FRCJNZn7p8Ro3DhN1e2HVjFtbs4R7Twms7JohuN3KLYL
9xdoAzBMTQ27U8jQtHE6CjZvQFRGNpdv6FhA4GHRPdYn,FQboSYxLAaSRfmHPJn2dtsmXR1zmpt2ez2J1Z3tSKdAC
CkD3FbhZaLdAL1v5J8ueK7HcuQ2RyxokCWSKddE8yR4y,FQXhwxyzBC4SDkXEdYUpmPv2x9tGrmYvvLk8duxQv4MF
9B2XQw3LsWph3uVhvJ6A2QeoR3L9vXmYropY9JXvzCva,FQ5THtJ7vpZfqS3kbHoqxz4SzYnfAey3KB4nPsjQ1BS9
ECPQGL4oXtuk7HCraTcT3j6wS7yb9jn368un6JyWkrJi,FPhXegQRqXGMQCaa8zmB2255vLMBh6HtyVpzu34yG2xQ
4qpVA22vFmP71dbqC5n3iRchbUTqWN7ToY75zwCYqge3,FP2Ns3EWvN6d74PRZZ4jf33Ebz5mtSJTxwYLHU5PbRQD
6tqsm4PCS7TRzJU3tCj1erb7uJ23yxmhgea68BjqvADp,FNqYrjYXNnSgSW7rCtJWQTqWRrv3mtuJ7qu6i55fSm9c
8bPjACqgWByytPnti3nAU8U9SPCVT4jKuqVKwPz5jZWZ,FNnKEmtDttkz7w2uuwV7fj1X3gVncZqG3m8iLCphB7C3
CyRzuuStoZQebUE4xQM5EUbvcHvMzGxgFes6xdRh9RiJ,FNhS2nZWsSjrEbxruSvh3SymmQ7SVLPujZnQ7X4azGBV
ASF3M9SXSmuobEFg1uk2P6agRdkMWSeoCYkZu17rtnMt,FN47GGM1RxB4M76ndpVWGS8DDRqqXKKx6CQwFYshLRuP
J4BKzARbSSrPYUn417JsSRnHHwNAKf6YVeQPpokaYMnQ,FMq2EfBaoC9z9hTvcU9fGk1mU3wixQY1vi8iu3zUSZcV
7yEKqyfRMMw7idsttmkqXp2Jtc1ooDgT6aZ6jm3Vmqgn,FMhvFZ6WoBhHFL1GvnNt5KzzjPhiyt8PjXHz6aCKEF3P
4qpVA22vFmP71dbqC5n3iRchbUTqWN7ToY75zwCYqge3,FMbkkrTkmADj7fKyysuQLMNr61zsXG9fdmCsabzEVMFm
Bry3WqC4yhHtTxKwk7oeK5aeadEqHtFnG3AtNjrHXfyQ,FMXvkw5kjgGPLXy1QTpRADMpGbpFKMCAMxJ28rv2ofX8
Gt6vBZd5JHaJEnQ8QFicHpmkad1sVnLtN97ti26eqDoG,FMQjn1vVEZWeLtuSf9ZmMKyQNKDdxdjvZQqKuESSoQ69
GmFonBFUe4m8YEmd2rNsjxFCV5nNwFwN5s3PT1tR4rev,FLkMWU3CxhSWF1vGLY21m34uTjuJTxp4nf6cJ4FtnWLf
2v3L9TKdU2PSy6t8LVWGKAP6SdkMNa1YN4SD5cd37kDB,FLdagwCWZfg7qNbvXdfBLyVVosB9LsFUWopnM7u6462i
HP1T15ygtzhwei6DPsfJr6dboAKFhuroNiUQoeczhhkk,FLG5WFjMStcjKV2YEemBi2DWk66H7zqMHRX4c8Lm9nbD
B56NDdqVevb6K6aV9QwFkNN7VgNY3ZdjwMMCKSHZzC6L,FLF31fh7y37k8ki7A5KB2RaMmJx7BLPrG9rPWhYqQc8h
A4H9f41rngpzGE3ZUJTyBxLfB9LtH3q6WtGcwcyK544C,FKxRjR8zPzwv5dTosPRSK6wiW5hqK2hxRgu7wcfA4Hqo
2TDxdXdmEsExrKi9LPX3HdnEJVTsrcG7Yhmf1pDXnhMH,FKZ76bEh1Xk4cbGQ7HRPc5b4YjBYR58DAoYo96jhjbG9
gCv41sQZpWwVx7K8ec8GqtMqVqJBkmb6p1bXwbNZEUJ,FKYv7jhYtNXNGKQxQzErUF47kVvEYsV5tAcPH2PWQmqh
BbgTRsfwp2F2nR9eE3raNUGvXgraySTFCWyvvXz1GiwY,FKYYkA88XZ27WwMGmgfkDvjhQhPmoNbEhrCLosFzjkYv
A4H9f41rngpzGE3ZUJTyBxLfB9LtH3q6WtGcwcyK544C,FKQmATBXqZhwaCaBppStWGHKhxEKdMji6tB9fS9GGypk
A1DZeL4TBtGvKb11ei4eBoAs1aRN9fB6wjgkLY8ER2dg,FK9mzbFuXBJcK8rH31pAEVxAb27Kf8RaBBTVpVSjuQ1T
DA4HR8Z4qi5XZyaQ6sL8DTsrnFbmkJwASedzT2hCc4uT,FK2C3ACsBwred4XiqaiRH9wHTZU4eS33ocC6EKaePQ8g
4V5GgZkKNeFTmihfiUT7qv71SftV55ZYYghDP8qY2Q6s,FJZjNZTsYRiYkHQnvj9r6TjRKAhfq63wYi3AXeeXxmvU
A1DZeL4TBtGvKb11ei4eBoAs1aRN9fB6wjgkLY8ER2dg,FJCf9pDQMTFeDJWoMuTPfyRBabJt1pHux7iqyr7mPSAn
B56NDdqVevb6K6aV9QwFkNN7VgNY3ZdjwMMCKSHZzC6L,FJ3Sp2KB5y57JE9t2qTYg4UuRYqL2CXA8gyZhPRNuMSa
BXkDKKMrfpv269zqP5SaaqkfvfNt91LCH3rLsuYj6HnC,FHRMTtwuy9jSYaV4iNUaBEBV99KXGp7h1VMJegm7jHGK
5bX34x84ZF2ZKaCDBTTjxLwjdXghHdaJM3Zx5dkmS5mf,FHQuqexwuq2L7Ndtb3e3NhucYEwyp5GvZdQ1gXu7TguD
EqU6pQ7NFqtdrgDhZ627dJtXgfneXqwhcGkaVssMVery,FGrxsCHbLTsdhjXT2rKAQjJU8VjpC8iKudeU7eLpwZiA
GmFonBFUe4m8YEmd2rNsjxFCV5nNwFwN5s3PT1tR4rev,FGpEhkunhfo6xnVCLC82PzhLhbZkkJ1is2Q1XL1a6pha
2Pw4HeRqFVYWWhy2ygHD9d5MdiUscTUPMPDGUtMfVG2e,FG3hYQK9AKY7KkHzqsan3Qsd1dQ9BWukRR74TNU9w3Uv
DZGyo9uB61bXihsKNv2yEie7XuwHqFwAnoPxqM1ML9yg,FG2XoZLB2CZVSY9SHcfF6UwoqXg8EQrGUPv3Ztp9YN4W
HGDgNDA2zuYXdPkiU2JCgQ2h8NThYFCTvV1Gp6Q2vyw7,FFr4LZPabahYhjV8YTEk8kEgFJ2hn9yTfLWxqb7tRLtq
7mkr2BaLsRu3HVp23tM1USVbARKbawC6AWKDPAYAvbmC,FFM55D71ACS4LBpTeELXtYs1rCjW8zTrXJL9gSeZtZrG
GCpdCyDoga1UhbKFk1kMBnDhhHWZJiXWT78CSsXkSN9p,FEfP8PuPHjPaRPybL1HpdP5aFr1eKdEHrbq9BXQSGQMz
3ukVQkntQ1Ydosb5yMrwA7xuDbbRij2JNSb22zYLWCQT,FEWiTW5NnjtrzBa9TsSU74xSnqWqTcvaRdYBr2sQwSDc
ECPQGL4oXtuk7HCraTcT3j6wS7yb9jn368un6JyWkrJi,FD7jqXKVjcVfgXGrn8cRoTZtiDVqrA6nAobr3L4T5ttk
1BWutmTvYPwDtmw9abTkS4Ssr8no61spGAvW1X6NDix,FCWHCqu1fbdKbHs1Uy8wjmidCPzkbSPRktbBPr4eg2Az
APMZny84AZDWCY33trBMF9noxrLAMRzH8Yanau8hn6Fs,FCFRAk2V1V2wKoepCCkCSzeVL3L31P6ZFWSToqa2eQYm
7dy8heSXUKaX3nRLkQ69NetzQxZYNQgUQsCsvTeV8MVt,FC8sx7cKX2yMH5wxEcNnBHb5AN5wMstASn1hMsak1bAo
4ohKBnA6HLNp6VXLHtBNtEH9JUb575AS7rJT1BFaKo12,FBqcZ6i99hdZusRdJ27zKvmjsFKJTr8WoHCmkdqwDozr
GmFonBFUe4m8YEmd2rNsjxFCV5nNwFwN5s3PT1tR4rev,FBa9hr9qCWKsz6GExKS3vbjiMJVxMSSouYMXaQXwM5SD
CKiAiyoxFaHCiN8jCCUWERDeuFBSrvFoAsT47pg8ifuL,FBABKyS5exBQPbchNGqNEEPLmoBZNrKaFebRSC11qKxQ
DEoo1D7gLk4LWtEeWhMCvdpNV8ZvAB7GwPaSAccaxQZx,FB7a47WtnkDeWpDh3fzfpR2eqvevwM7JyQH7KpFJovve
A1DZeL4TBtGvKb11ei4eBoAs1aRN9fB6wjgkLY8ER2dg,FAutxMqshWLbPminW2xM6YsguTFJ7NVUZunezskyhtdJ
DZGyo9uB61bXihsKNv2yEie7XuwHqFwAnoPxqM1ML9yg,FAkeEe8gbVFxwMBdgZcoqXuGrHkfiST5vshoTN8fv1RC
A1DZeL4TBtGvKb11ei4eBoAs1aRN9fB6wjgkLY8ER2dg,FAaWgEvMAGrgzvP4tf9RX4hprSHE6xhxdPLh5NoHgDDa
4ohKBnA6HLNp6VXLHtBNtEH9JUb575AS7rJT1BFaKo12,FAK2ynEYXfbG3SZovBHBPLMr9mxPJYxssSWeGLXEWM7d
BbgTRsfwp2F2nR9eE3raNUGvXgraySTFCWyvvXz1GiwY,FAEMYbGPMcYu31uxfwk37cgRD5AEc5RNKP6XoFUrAhyn
ExEKCyhJ54KFngHcc8J4Q1ftxwrv5tbfmBbaVxp2dSkE,FA4EUWxqUpHGWEUA1JhoNHZjUJLShCf5rc84PXcyAEe8
gCv41sQZpWwVx7K8ec8GqtMqVqJBkmb6p1bXwbNZEUJ,F9i8EggRUBqzvnz7YUr25y2oSTJTQHCTSBZTkt7mEc8E
F41EVDtEEQLjG5PNiKMb5fWHAsEizXpg21UAZda1UbsT,F8yCpyyAj2QeaCWMwr1d28rkfRuCJr7113GFnYjYGQFD
EAyNJCBHCkkLrUK8AGNShW238hbtYk4WEaNYbJKZYnKp,F8Yije1MyjqQFcYQrBcoF9vCrAAwj9BJqA9SSKH9ezmE
Fx7w2we9k1GUG5ZidppcRKJgYmT2ZZCNMGnwXTrNXCCv,F8NFHS12C5SSVTjboeJCt6eaWzeocH6eZt5DahrMma1S
7mkr2BaLsRu3HVp23tM1USVbARKbawC6AWKDPAYAvbmC,F862qshqtszRMRhy9PLo5MsuHrTqMr6Hom4iENyNMCTq
BHoom7cfp4qdKNmwhmRRD9gpQx5ZEdeo1KsCKvaPu5w7,F7sMYUG5uAw3LsdoUNBVCEn8cgM2VwLKdxcXSGtSRe5X
1v6MRkY4Z2dBAsbibySvuaj7kXssvJrvYefLbSsWdzC,F7q8iDzVpBRwj7xmj8mzi5jzcih8sxAnXPBpCStAgihX
9VD9NqkoYkRrJ2LeGUeEuVsgHMNtvYX6eJ5cniZeaBga,F7KL7fAgbPZAkFPqoY6xPPPKEpGYbxgRnkEjjLncKGJg
9vGPfVZNhdUfy9iRrMg3M9uw5zhPdEBwCS2qrjcPhbEV,F7HFrSYAhkNvH3eH8KqnhmvJbFNWkCVm9soKoJiF14jg
6jKoMo97ify51J2ZdHNj8d8vBvU9VdQvNfBCyEUaqagC,F7CGzmgUBt7rKcSwEuT6z8Ak1QBFrQ3qcjkePRgFhtHJ
EBMU1qZXJXNEST3rqVJtfV8worria7nM9qccCEawyHyX,F6vkZzGfLSMp4dP4d7TYczrqp4ay9moRs7hNwfhsWncF
6Pb5U7iSSkq7YcTeP9Qdwi9dfNcRpqgSpxA5wWuU2Eau,F6mA5sqdfgVVQSUEdboCPQLcRtmicUqJN2UwnkpdzJNF
ECPQGL4oXtuk7HCraTcT3j6wS7yb9jn368un6JyWkrJi,F6DMpQmFX8y8j4973jaGuWw3PV6LipPxszdtJXeqDDDe
BdsrCk3DRm66usFF37XnNqJWsCX8WPgwsZ6Nw9gxik7c,F5Zgi5mC13jKk1CzEcmJhvXVxT37RAiMr7bmYfiriUUh
2SNNfXWa6iTMLJbE6UodKjPW5rXbiHaG5XG2TpoAh9Wk,F5LNL2ru8BHj1BW9HhYXkq6LaPeaM42SrJizhPGGih5B
DZGyo9uB61bXihsKNv2yEie7XuwHqFwAnoPxqM1ML9yg,F57o13i94AvhGgvrcq8bNmkDxJDp5u2S3PkKb3zgBfMz
4dWCF9NcAfmfVk2yY9xhXHrgKxiMWRdwHec6BzPby4C7,F4G1RwZnXaEjcoYhfcSKnYXciBtFis7L1fMbtZcwnspu
A1DZeL4TBtGvKb11ei4eBoAs1aRN9fB6wjgkLY8ER2dg,F3yu9kgNzBEJaRFoi4HC3htbaVHjYXzjP6yextwfhkBC
FYmqBor2oxbSjfAhvFjHbgSqRnewwoRyDXCBup4XmGkR,F3XWwcNUjc7D31DFgiGBR8Gw9ZUhnvNkvzzYZo7LaPp2
C82C8jRXM93upcqzK4ftDfdyfrtqfmNEiW5N11Zzwyrs,F3J2WqjdS9JEM3H2rhT2s89E5mFLQXg6fkm9Sz5TMfTq
7CzjBhwh7CFXHyjLw86k7f63ZyJ8eLKR4b7onp4UL4da,F3F51tUGNYnQgUGDZmuvdinzEtcyQckTUbnjCYw4m51V
6qjgr83UvGaVym4fA2Ms2BmzbzxiQN8MwGZsFjxZRwpo,F2jGa2MhFV6jLWsjcQauBWUT8TWYQcknsxLQwh57vNi5
HGDgNDA2zuYXdPkiU2JCgQ2h8NThYFCTvV1Gp6Q2vyw7,F2SEFtUMPGuEjc1yb4KGHtSUZZowZF19qGKbdJEC1yYZ
HGDgNDA2zuYXdPkiU2JCgQ2h8NThYFCTvV1Gp6Q2vyw7,F2K41sQC7pjcs7z8T6wPhhMfNt5theQMih4MYN32hLUX
FjapLMTHTvaM9RF7CRxVSHSEyHh3WdDNtaB7MHRFXCWZ,F1jkxB1u4vqFtzZmMzL4g2f9mRA7rFBHCNXFtXUJCoGK
Bcsnad9CqGtwf2YmMU6ZeAjw7atA4bseub6wZ8eYaQGk,F1apz3JWhCqs2bKDnyGfkAvLVUR4vG87H65yHq2sxzLj
85YK84ReFwLbpjBf5Pd16XuSHasvCzc5WQtTdsjdK6r9,F12afk69SiQXFh3v9Pyws89aoE5ZLJcHBJmJ3u3NLaj1
6tqsm4PCS7TRzJU3tCj1erb7uJ23yxmhgea68BjqvADp,Ezm2WSHF4tLhUhJzrqXcwpca3T8vCP8f2TFmj8NwwigG
7QjpEYTntTZzdghCcE6hxKK1BM3s1Kyrtq5NuyzVE6sk,EzVWCUc9RtAhJXoRuBWsoBYS8Evt4Hy9NmGd3TLsQihr
3HpsMQv5vnUHW3Pc8sbU8U3KTGVd98Aa6pJUu7zgQwzU,EzUEKW9QPPQM657pQ5rGJ4xjbQPthMWnsiTms3kUHtLp
5RRzt5impbDhzGepEZj44JqTu7o6NmXNRKSM4rSQPX1z,EzDG4HUThFa79sx4pSqtvNPazdUMWxkPa8dpkVdvPJ9z
5RRzt5impbDhzGepEZj44JqTu7o6NmXNRKSM4rSQPX1z,Ez6amfzLjdCXamisJNZW1mk2ncJ1X3htJRZpfWHpiKVP
FRiKTTtBFCraXxAdN9WbE9gHsJHauHzLKf2t53xiyFRR,Ez6R8rvZTrGa8WQPETjNabW4m5nwbEmVwTMTQHPkBq3M
BGgNvgCkmqy1sB6vrqZ6pF6me3TFjJP29Tg91rFaiL7R,Ez2wg1FQA2r4LAV7PcgqGEJmnVE4K8bkLfzo8LjKJZsy
5gc1A9tGyTqXpEtP9ys1A6CupF9t2MUPmthuB9qGkvhp,EytiKJtX5aAFmi4EVF6yi7FP9Bop4k8NFSHtArwwJb7w
1BWutmTvYPwDtmw9abTkS4Ssr8no61spGAvW1X6NDix,EyqpTTqyL6tzJwdfifu2iaDToTC6WrrRSvmgougFxfhC
3z71v5RwgyV8UmHKBXqEUZWirAZ2E6aCNE8DMxpK4Vrp,EyfW1fdQqqvoyHTmNDszAuup3HuUwDA5Cuhdk2QtYsuE
EipGKPMXgmFa6o5rj73tbj7Cp5H9dhQPx85ejMok6CFu,EyE5WWMVNxSPxpGpkCp3Fo1GroVzry5hqtsXGdckDwVM
AhtFtcrA3MH3xLhP883RM1LxfMAEwqScdJBFTFtswS6w,ExqwQtjw7GziS9d1UwKrR7b98ti5zBEzJ4YLQYKGyPLm
9xdoAzBMTQ27U8jQtHE6CjZvQFRGNpdv6FhA4GHRPdYn,Ex6aoSmN7WyB3XLRsUNsL9ebbCYokVy745DJckecbPtL
CyRzuuStoZQebUE4xQM5EUbvcHvMzGxgFes6xdRh9RiJ,EwrbSwqpt3w4aTg93W7L1Qd1ooSpYAinG6WDZCcJ6is2
DUopRU3KZvJa7UEP915TG9vXZi8pviSV9cGL6kWsTHVz,Ewq8WEKHcjpj76ymVGuRU7bEB4epmRciRuJJLmDfdcPP
Bcsnad9CqGtwf2YmMU6ZeAjw7atA4bseub6wZ8eYaQGk,EwhLUnj4A61LJhzR3C4CYGgQSVC6HCndR5f415jPnZnn
HGDgNDA2zuYXdPkiU2JCgQ2h8NThYFCTvV1Gp6Q2vyw7,Ew7TfySWCaCrgPVWCr5XBiEfjF5RJ6Lei3LPnbrv4yEm
5RRzt5impbDhzGepEZj44JqTu7o6NmXNRKSM4rSQPX1z,Ew3gYNAdSEhwtasthdYhZWB48DmJKefWun9ur8nZ8goA
gCv41sQZpWwVx7K8ec8GqtMqVqJBkmb6p1bXwbNZEUJ,EvnMWfs2UyCSTvWz9QkyFdunuPemzmYQfYVgtzF1Ksd5
7mkr2BaLsRu3HVp23tM1USVbARKbawC6AWKDPAYAvbmC,EvdbR8usTUEgZqSxAc9pSryKKuKBA4hEFxpN1D8ELdEU
7sJ6wyCDQqyWyAS2ZR1r28makjaf4mUYkRgCi5pDmfQY,Ev8UPMdw46uW3Z2Q4yKL9HwQiuczDviWVBCpUewcanfg
7mkr2BaLsRu3HVp23tM1USVbARKbawC6AWKDPAYAvbmC,EuvvFXdZ2zqM6wyBv8BKQ3ji4EVc1BUWQjfBh7QL47WF
5RRzt5impbDhzGepEZj44JqTu7o6NmXNRKSM4rSQPX1z,EuaiAewzGGyCDcNchEEUxvfGWAYcg4dSrWixnaKTC3UM
3HpsMQv5vnUHW3Pc8sbU8U3KTGVd98Aa6pJUu7zgQwzU,Ety1WNFf3MKVBsU2TtdnHz5S3n4ugEvEWQky7d3LH2M4
FBUfSHC5vyH5GYiS8GVnnhq5vFXBxnurDn5j56TCjfdv,EtnScW9k1n2KrEcUfdqXCcUTLfET369E6rRtyHw4FnUK
1BWutmTvYPwDtmw9abTkS4Ssr8no61spGAvW1X6NDix,EtKNAaWKnxBoYQEw9Gc8YYJLkJN5c7NABrQskL5mEuuU
2JUHX42JqA7yUBAoReMZyG3YkFRyCcA3CiFEt2uFJWH4,EskwELxWPaHhVFGMRpsEeYTtS5G15fU6kQ56HJwEJFJW
AaDtjUhUYNzx1PsogPY7bs4QJU8LcWMSxDSqv2Cip4th,EreMXxhfwS9T7G7a8c2GY1Q1AZGzaxJ1kWcvd27bg7Mk
DmsFcT68wqampP78Hm9E29DBLG99FuZJJmZAYw34uvrF,ErYGmHXmKKqThyjXVArcDaREsfSmpc4NRMAeKSwYXubp
CyRzuuStoZQebUE4xQM5EUbvcHvMzGxgFes6xdRh9RiJ,ErTrKfCz6sRbWsKwXG5FezPcnR35c5Vh9AMrF1w6VyZw
3ukVQkntQ1Ydosb5yMrwA7xuDbbRij2JNSb22zYLWCQT,ErS6crpRqCZQSHq8sNFpjjM6CY2pq71hgVG2Mbcdqp7Y
ECPQGL4oXtuk7HCraTcT3j6wS7yb9jn368un6JyWkrJi,EqfjkaNkWJWftdP4MYiEF3k1mZ2yBEppw61b8eqnuMyN
Cp9V3qLnjjCH7SNrEAtjqywqeztZKpXckDK13BA3EBU5,EqSQkFwDQLpuizeG5PDwWpizEAQcYYV5NNWKXzaGYsSU
gCv41sQZpWwVx7K8ec8GqtMqVqJBkmb6p1bXwbNZEUJ,EqMRTaUFZKGT1R9KA6xaSa6px3s982vw6LtXz9oanXwX
5Mic1WZXEySfSaeghLahBkqbS52i35vwmG6eAPEc3oph,EqGtQTLVUU94m37D6ogH5AHffRJ6dKAmKtisqh59wX16
B8oL1Sxpr4fUdrKMhMiirUSu6HGMP5SWYRSxSLdfhnyn,EpSBbELtZZZYiiFsZSiPgZmg1k9dt5bavE7vakCULNLK
2u4VW4DQHhhqNiRrdBMwLpZsTbT9gptKUNFUpQdYTqqz,EpDX9xd79tUgDBYSBxoAETiwirt5nmQc5DR6Sf9vBSho
AwW8emh1xvdm4JQGdksquDajDe8rpcajb1m5G1i3XxNs,EoKQvmY4x5GSsa59FL9gsST8tRHFzKyhGk5ZofpNvX6P
HMoZN3FEvxuecjGETQMa8EGPsCvibAbPfXP6h3cL4E8b,EnyFo8ahk2DL4gueZzQ8v8bATjWEwR6FmNmPfRDaAZ3V
3ukVQkntQ1Ydosb5yMrwA7xuDbbRij2JNSb22zYLWCQT,EmzL6qqxtTvhDbKVvgzGdD8MjMm9o32EEuZCX6VtCh2S
1BWutmTvYPwDtmw9abTkS4Ssr8no61spGAvW1X6NDix,EmtWisf3eqpm8baFs8w11k7RyWMCtPM8dyojA1Cxs4bv
GzMVoF7wgMXsKEu4bDFiXBQibDJz5NjSR38PptngzDr2,EmB9GVYpRg7LhxfacCSBNrtG5BiBkW3Ep4sCFcfLjp6A
6zr7XV8KwBk7R8JMj4Qt7QK4RMN5483mJ34UuPDDKF8X,Em5q9hzcGraHPfY4pFtkV8wn9eeHATNmyLhyePvbmBvB
DrPtiYVc4dteZaAmYKrF9ikfQNmocLhxfbQWEt4tciMx,Ekd2vQUuZLDddB8SkWYx59EYYRzK1JqyuAfyJyTYoGjG
THthoAPa4rKqfZLe7oqzW2G6BiQoAuyw4Ty7GK7a9WG,Ek7ViBFCa5gQDKnNeQWkUXeVr1tkuzqtzYArp2hxHKAP
6TP8eLH2iqH1AsffWD6PKp9g9oTfpdKrz98z9KEV9gA8,EjX9c5qFVkyjQ493PHEXUuXhNv79SXymr2UEpHqmVLmw
9xdoAzBMTQ27U8jQtHE6CjZvQFRGNpdv6FhA4GHRPdYn,EjHDGPYasPW6hyHZERD8t4oHpGZFsKvHxbdei1An5ATb
HMoZN3FEvxuecjGETQMa8EGPsCvibAbPfXP6h3cL4E8b,EjDn8shpA29jiKpFkTSkm6CtGmDqcXhJVf7dGyzwL7LT
7mkr2BaLsRu3HVp23tM1USVbARKbawC6AWKDPAYAvbmC,EiwJqxHFPXhFjqzQQG14D5ST4iLi64cjsa9qVPiekuv9
9DcshV6uMqhS7HX7K5T2LNY79xLCRPpEz1hfv7BXd9j5,EigeG2pLxwU3C94kRHex9AmfSE6egotLoHmE4ePmKD32
A1DZeL4TBtGvKb11ei4eBoAs1aRN9fB6wjgkLY8ER2dg,EiGf7xhsv8evzChpCrQraBFu3JDq1cf9N5d19EBFTJNw
J4BKzARbSSrPYUn417JsSRnHHwNAKf6YVeQPpokaYMnQ,EhhMR78zDGc4CfGUfjYrMNAWnm5gHaXTTxCsrNLNmj2M
4zdNGgAtFsW1cQgHqkiWyRsxaAgxrSRRynnuunxzjxue,Eh6sAVp1XLM2WWmy5uGGAhffKxE9tEYqGyB3eZga2Hfa
8UfB2sfsFsb4B7xisKj7wYKWbQrmEd3nF377AaD9yf7h,Egte33EbcYZhBHvSWdxrKD3Huu5USsW8RH7yrmPXhQdJ
C82C8jRXM93upcqzK4ftDfdyfrtqfmNEiW5N11Zzwyrs,Eg9XRLKg8tZnHoY7oAYL98m4PE2Sn9gkixdfmF8qmwog
7dy8heSXUKaX3nRLkQ69NetzQxZYNQgUQsCsvTeV8MVt,EfzrJbtHubjdhzhKLQTmuJQgBU3EF5n2zc7mEYhcrZnx
6RDkEy8UtMDAoNRjf1PVDCTejcitEX817pnXcruXsR5Z,EfxyMWLCuU9d8bfc2atRMf69qEaAzGUu2wtmRgo4XmEH
DmsFcT68wqampP78Hm9E29DBLG99FuZJJmZAYw34uvrF,EfudmoA3LVVGo7zxe9K5VwGpysj1T8VzjdEU71aT9Qbz
CyRzuuStoZQebUE4xQM5EUbvcHvMzGxgFes6xdRh9RiJ,EfuPEWBmL9DTctn6FeFPLragYxRvKTLDGspBQcCGUF3e
BbgTRsfwp2F2nR9eE3raNUGvXgraySTFCWyvvXz1GiwY,EfW38wyfqFSGE6MaA3hoHxz9Bn7hVPvkjQms2nReDYj5
CyRzuuStoZQebUE4xQM5EUbvcHvMzGxgFes6xdRh9RiJ,EfRbMCEMWg9L7TWaPgerAVS3qSm12VKmb1ywZ8aGNVND
ASF3M9SXSmuobEFg1uk2P6agRdkMWSeoCYkZu17rtnMt,EfJD6DTAQKorgUWaZ3GcTAJZLkeBJMNpLTbDpFiHQoUn
AYwzVB1ac1TdzEu2bPSdUdYyZdMQsZ1YWsTfjpdUJPgp,EevhMjhrubvZ1vUsDCpJaDDndKo5QPPxYgGy5k2p9M7A
1BWutmTvYPwDtmw9abTkS4Ssr8no61spGAvW1X6NDix,EevWX9nUv4t5cRGfeLvKn2pqJWYGF2TZWSEbYfTCWzvd
8egJKnneyx649wBZ1oPFBP8uPVjRkPUjgrvrcwVRsTsY,EeqamZ9hWv7PCU7zmV18NtVLZ5wW8sJf1bbow8xZ9uAj
HYn8C7jiyawxxYjVwV4eUzUw2yndmHYDBZb7zCFScp83,EeeGK6LBjNt67cNVT4PGM9Atiqo3wSymHH5gigzrxqYh
FTrH7Q3jJ2gkPwvpgR8KDGtmewRbB2RKBeKYaZH7hiNy,EdoPMRHsFVTwTrhrJJV7E9jsLiwB7H418eK3rAGmL6qB
2XuCReirx9iMco4EZGNdNxSWU13c3kANejJajkU5p4g8,Edkroo7LvKY5FPM6yZoNq4iQAaLtT2zpXoJtkbkvrZ9w
7rvBfawgMo7BvPyT79CaTXwPSWycrFLqLzyNZcT8PmVe,Edexsm4PxE6T5wanD3eYQyGC8XgH9btckDzYu2U5HUrx
8Q4fYfyDCD9vHBxYqdFww32SBSVWFy3N7mx5tyyj5KZb,EdbqhSmLvHMSvD3ac6wbr475csrEuH4DFbjtL9ALeQu9
BbgTRsfwp2F2nR9eE3raNUGvXgraySTFCWyvvXz1GiwY,EdYBm8g6xYfCXnAsxqdSgXczmN49ZSmCMFDQhsFQ9JC3
ASF3M9SXSmuobEFg1uk2P6agRdkMWSeoCYkZu17rtnMt,EdVcq18cKxp98vJK78kwDwQwbs1MFxU4txAJC4BE4Vaa
EhzXqVeyjG7L6PW9A3qNWaSyLgQHcfVAwQbT7mnjEm8e,EdHN426cxzVZFVCFucQsRvyodEbYoY3N2nzmDT3AtGUZ
A1DZeL4TBtGvKb11ei4eBoAs1aRN9fB6wjgkLY8ER2dg,Ed2EVWrkpGFeFo6E52KBMv9ScFrzF2DKWesqoieRagk2
THthoAPa4rKqfZLe7oqzW2G6BiQoAuyw4Ty7GK7a9WG,EcqUfbFFB5jmX65YYhKjKB5fNhZunuhKHiUsMzvGwkwn
CNcr1u2ABLqPm9Zvp8vhr39D4463ZPkiPQ8YNnFVxTWJ,EcmfZrM15TDetkaEmuJgz3uJdXhZQ8xt5HSsKqUXko2n
Bry3WqC4yhHtTxKwk7oeK5aeadEqHtFnG3AtNjrHXfyQ,EcC6txARnqhkLP5Z4NWfeh7k7LexhKacSh9zmw8CCHUZ
C6mx76NRCX6ZJbtNWtkW6Z4hbB8fxDvFHx4BSQJj6Ftx,EcAc3zMo8Kg7oKd6YLNLTjGCkoCMn4bPzPmi2NPEcfVs
DZGyo9uB61bXihsKNv2yEie7XuwHqFwAnoPxqM1ML9yg,EbpAKmmCw9LX4e5fq4SSoWTBG1RYrecpW2mzXcoFNfqW
DZGyo9uB61bXihsKNv2yEie7XuwHqFwAnoPxqM1ML9yg,EbkvwidDUT2Zzjgd3S9p25evfP4xiWUrtzYXysAKLrxR
7aecVrz3zNnmKqs34rhqYFQCQf8HpgBsoJ7niRAfcKKy,Ebkag2n5iPW6Gyv64fV4X2TjGiEkbaKXXad5cmjF8noe
2dAC72r7qBA3sxakqSNg5RytT31T69fuhDw2FrvNxGSL,EbcqHtMLr6MuDqaxFaJ3SgQU73MqZJ4xtJroaKHkzdsz
6tzGsLw4DzxFw7vXsGZjkgYxtRukUyWQ23jTTVWgvKXZ,EbEUKX8aSvFtKNCo725EdQXp9bko7mGpD8hNLekUVYHu
GzMVoF7wgMXsKEu4bDFiXBQibDJz5NjSR38PptngzDr2,Eb5gbpETUQtYkG4v3xNdLT9EzAktv2T4STxXqRmg5dY7
7BMzc79CGC76Sauf6dq9QWwi7uaUPKqd4XRjtoxR4H3J,EasqkCnSn5n8n7WF7vdQUT2DzbrWpgqixFErd9rtBiqG
HGDgNDA2zuYXdPkiU2JCgQ2h8NThYFCTvV1Gp6Q2vyw7,EaLPnte77tHpgMshJhxaJQHuwBfN2VVnoXXim9rK5FWX
Fs3M34Y4F3PV9K9xenfdLDp9bBXgp5ZF6utxdaXainY3,EZqTAEMMxaEHJvskgzScyzPm1FAJKz2vAQwnoXzKHAjG
6zr7XV8KwBk7R8JMj4Qt7QK4RMN5483mJ34UuPDDKF8X,EZSCePqswHqqks1qrZQgT3Ry8nu4HsmBW9qkMHmjs6c2
4sfym51tCSRzfrSVCiweym7N9hqRDMVMMu5G5jUB2WDn,EZ1ZRwa2DjjUtgFbxcUqupPhZbKkJccFX1DhXbK5LUzA
1BWutmTvYPwDtmw9abTkS4Ssr8no61spGAvW1X6NDix,EYzac3kKMvu4V8e6gFbxC7dHz3z1RBcvBmwVaBtiTzes
ECPQGL4oXtuk7HCraTcT3j6wS7yb9jn368un6JyWkrJi,EYriAgLgbr28T6ncbZn83nTZ4SfM9U2oXUNXjcpE4h1S
BbgTRsfwp2F2nR9eE3raNUGvXgraySTFCWyvvXz1GiwY,EYr9r6RaViGZCcfsUGMo7RDfkbAkFV9JZLjHf2gDVWJd
Esj7pDDxzvWiFAzGWg1dmfhyVcQ6PBBKpRcYjGiUJrgw,EYmmjB6TUk1Z7vsHKRTZWegdjAN689NJShK5c7LV9iny
4ohKBnA6HLNp6VXLHtBNtEH9JUb575AS7rJT1BFaKo12,EXd56oRedG2jU4YeyePei2u998HwdHYFaqDJSNonWG7o
Euxe7kjt1FrwofzTu5nXsn2LcKh4RbbzJx425ryqnvBx,EXFKgzaZ8mA9yKmjAUbDet6AkRgm27YFe5hqJ8Ro9UgB
85YK84ReFwLbpjBf5Pd16XuSHasvCzc5WQtTdsjdK6r9,EWbUDEHZPpamc29p8nn1SnPrWXLuyUDiovtgW69LTGff
ASF3M9SXSmuobEFg1uk2P6agRdkMWSeoCYkZu17rtnMt,EWVvUC8zxPse89o1FgHZA8GGC4AfqRmC4uVsfNGqSEEV
7dLXpRxX3pZw1icH9P7AxBC8gN1efkwSJ9Gt6BVexhL7,EVUxK3ZUNdMjEtj5atd15KckNq7a2Gcu3H496Vy7cgDz
3HpsMQv5vnUHW3Pc8sbU8U3KTGVd98Aa6pJUu7zgQwzU,EUtkCGirjcbbGF4jXwrhnQuPdXaninvMmNdWy49iqRRv
APMZny84AZDWCY33trBMF9noxrLAMRzH8Yanau8hn6Fs,EUdsfrQHyaPFGHMMuDd37Fe7CTR6gC8ejjFEWXKUdypi
9F91HmFYbAfMujt2uRAtV5vKRRC7GwJXuP1aBs9J69Yw,EUbWRNTpVauyUHfK62PSJw178rcZiRhtoZscyB4Eywg4
GzMVoF7wgMXsKEu4bDFiXBQibDJz5NjSR38PptngzDr2,EUWsPGuA34SXxXvEqXYP2xoinVbZ9wCJgQQ9yCLRCzBt
ECPQGL4oXtuk7HCraTcT3j6wS7yb9jn368un6JyWkrJi,EUNSwhw9rUphPgxrasvCsHNCjWsEJfnZmBXQ6btfXGf9
9xdoAzBMTQ27U8jQtHE6CjZvQFRGNpdv6FhA4GHRPdYn,ETrMwCVkorimA53akdw2RzMtWiGHNVcFPz4kCqQvhu6X
HbVpCR5NRmXSZtbP1JazWiTscWsQxfyoneU2WdAR7Za8,ETJYp8vvbrftWSSHAMbKr6G3sR1Un7DcPNxcZHetm1v7
1BWutmTvYPwDtmw9abTkS4Ssr8no61spGAvW1X6NDix,ETFnTtWPfdLfuLMoMuS82n5S5aZxYHjSQC1rUMv3S6mK
FTrH7Q3jJ2gkPwvpgR8KDGtmewRbB2RKBeKYaZH7hiNy,ESjnx2y75D4Gs3Zef3pToDtDZtCHyJDx9nMPDPCnry4p
1BWutmTvYPwDtmw9abTkS4Ssr8no61spGAvW1X6NDix,ES9qzXdzAsL5oRSH3PHhSDwSsZhnSR1jZPT8M3RvZZuG
BbgTRsfwp2F2nR9eE3raNUGvXgraySTFCWyvvXz1GiwY,ES4d4ETK9atXzihMhvyVkF15H6bZb68yV47NTLr55DPB
ZE4LyYi6TyjoEs4yPvGfCfXYAbmkptN19J7o5wPP8KY,ERgJrK8pkJDga7zH78ecKa8o4gymFoPLanQYjPmFa2Fg
3ufsP16JoRCoTQnkRfKYFD4X3nTaLj8o9BGeWkdnk43w,ERD5AeViWg1NPBmxX1uV838jjNLjQoq2QCwodUaWDGuH
22dNKJyaKMBTCkZQSzPA9YDqmfwdCUrRXD77FcV12vd6,EQrfnUnhyg3rp1KT49BTX8vqfMj7P7n5HjcqwvmGfspV
EviKZozWYJ6jpL5jk5CDT4Ju2haCNVtxhSRrkhVDxnhw,EQQEeiHDzHM6E5dx83FcyXWLDAYE2xgeBbtGbbEn3xE4
3iaifEt8tYv7GCt86D94cycDRgLNtY6HmriutqzbTZ4G,EQMTs9oE752zTewsmzPbqRvSGDiDzSSJLVr2TWtMUC9A
CNcr1u2ABLqPm9Zvp8vhr39D4463ZPkiPQ8YNnFVxTWJ,EQKhi7J2X6z3rd3jRU917z9NSXTdWAU6R6mJzLwBtei3
85YK84ReFwLbpjBf5Pd16XuSHasvCzc5WQtTdsjdK6r9,EPzHxuu4WN9wvr23fdQf2Cs5EzVWsE6NZnxCgJ2xoqV5
7mkr2BaLsRu3HVp23tM1USVbARKbawC6AWKDPAYAvbmC,EPfDc6vntXpbZR5Y4k9xTKNsPwiQcgrVmTBrecy1CXYH
CyRzuuStoZQebUE4xQM5EUbvcHvMzGxgFes6xdRh9RiJ,EPSwh6RDg4UEmvhp5fym6wB9gXxbiEwyaS5jidkJvnBV
ECPQGL4oXtuk7HCraTcT3j6wS7yb9jn368un6JyWkrJi,EPDwJYpRwpFQZf57pRFac2bmjwHVC8EmA9s7xNZmnVG4
2SNNfXWa6iTMLJbE6UodKjPW5rXbiHaG5XG2TpoAh9Wk,ENgBQ5n86oaocvBzJpoKyQoUj2E1wxvTKaAfYSNTLvbR
ADCVvVamh4VmNQ7LRkYripx45Exp8ymvbGKKC8R18pio,ENNqerknRL5QujwWX79pBmuu9VCkWgBPSENeAbKyMJea
DGjQ7o6kYJ6nTAyiYEXFyM4EThTMdavm55b1sJzVHCHq,EMWrXSFnEBhjyLV3MNNAgFX5ZiACRLHHz2kiD6m8E8TP
GmFonBFUe4m8YEmd2rNsjxFCV5nNwFwN5s3PT1tR4rev,ELinEB8CWAiZ2ATR4oXSXUamtgXeFMxu3kBwceRTzYqw
BGgNvgCkmqy1sB6vrqZ6pF6me3TFjJP29Tg91rFaiL7R,ELdhRF7mdRfpiEhM7JwLECCmz4euqGMuHx47UAuuVaf1
3ukVQkntQ1Ydosb5yMrwA7xuDbbRij2JNSb22zYLWCQT,ELWL6icPvf5e3vCierSND76YSt7YARCHzgcP2vyoz44K
GmFonBFUe4m8YEmd2rNsjxFCV5nNwFwN5s3PT1tR4rev,ELPLw7m7YorCSLmx5qf7MFRyz27WATVQtzjLpcPiG6nL
DenXVLRxRR3yrXFzwMEpnuizCcP6YMpaN9jUdZy2N8hB,EL4deeGyBBHmDhn9DqaGkjggyVuy3RqDwnvbcsnWMbR6
DEoo1D7gLk4LWtEeWhMCvdpNV8ZvAB7GwPaSAccaxQZx,EKrozgkNs2UFrGqvA4VdThdQhbBXCcw8BzyNEa8q5Fg7
55RwS5pBAf7JVYz7HDoJ8vFuMou44xHWLgTLtXE6vKvh,EKPnpzbpiqGX4QCr8BV7pk7KTvMGdQ8jwSWih2Nv5Fkd
ECPQGL4oXtuk7HCraTcT3j6wS7yb9jn368un6JyWkrJi,EKPkqkFBMywLqF6wNdejxnvcSFAFQJyFMeNLDKA9vESr
1BWutmTvYPwDtmw9abTkS4Ssr8no61spGAvW1X6NDix,EJgwa9f1W4ruGXvzFsL32KJktsutFev2t2UbkgZ2phai
A1DZeL4TBtGvKb11ei4eBoAs1aRN9fB6wjgkLY8ER2dg,EHv3ui55QDGFASSKkKWBADbaRDv2AjacnmFNZdNtkZBp
HjhaWHdqskx7WefK1erGUtMvMou6ANDASJ8PArZhH3cm,EHrPfEWNKdSCJNG6YfzNqeZCMbL26fXLMxhQLRV6ysWS
A1DZeL4TBtGvKb11ei4eBoAs1aRN9fB6wjgkLY8ER2dg,EGhhtxTMKMcd7M8nFr4GC7Q7rNAdqXH8R2GYNLyWiJgt
1BWutmTvYPwDtmw9abTkS4Ssr8no61spGAvW1X6NDix,EFqnTMkDTax3H8g9S9itWv6tawm18vbXDud3UDngG1mQ
BbgTRsfwp2F2nR9eE3raNUGvXgraySTFCWyvvXz1GiwY,EFnU7M7b9V83TApwgaQyHgT9KLfBYn8YB4iKPWBaPupZ
AaxiSJuWGXmNm5y58sx7wtD6h6cAWyg7HuqVDcaATz1K,EFEVTerDGrVJddHmBHijYNfn9uCVAxmri6y5x1P25YGP
CyRzuuStoZQebUE4xQM5EUbvcHvMzGxgFes6xdRh9RiJ,EEhcHYxt1VzWYBX3xgr24pcBsAJJ1PxjWvRp8T8p9sU5
85YK84ReFwLbpjBf5Pd16XuSHasvCzc5WQtTdsjdK6r9,EDTyVGFY5Ueg5PfKyCp8VXLvybabBvjs4MBfskKAmCL3
2YKUB15BsLa4a6WVuHbMtjWyuUq492tnmWgJ3BZ19An5,EDEhty2y9AHhgD1e3PjcT9m4JFiYaUpd29hrmKQuwkG3
4aMX9G7UBxXfCPQQur79ye2efJekmVHnsTEPirmwkgsm,ED6J7RL2x76PhpqaA7gyQzpRin5edbpE1VgEmESpxW8N
BGgNvgCkmqy1sB6vrqZ6pF6me3TFjJP29Tg91rFaiL7R,ED2tWeTqYVmiZKFuLY7mRv4T3tEeSM6NRrNRb94csvEk
3iaifEt8tYv7GCt86D94cycDRgLNtY6HmriutqzbTZ4G,ED1NRHhpBSrCBdkXcfCB962hmzfkE5RhyeSWqofCBSRG
8Q4fYfyDCD9vHBxYqdFww32SBSVWFy3N7mx5tyyj5KZb,ECxMHB4UeXjViwY7NV4TZ6bCVRDebr79ACdAygdreKvQ
gCv41sQZpWwVx7K8ec8GqtMqVqJBkmb6p1bXwbNZEUJ,EC8b5R8NpC3jrqzkW94noRbzCdQ9MRUWhZ5Z5ma1TYpq
773aDzyDLsTy4VtkKX3mG6Umdkg34Xk8yfdtTTpzDBf,EBxWdXBQxZ9xYPUSV9c7qmCs8dTTud1ptxCBmNSkLJxF
6XVw1mYLvz54Td2rHuPomz8R9h14ttBpHoBaYMxog1ys,EBgpQUJQ7Q5e7WQd25eQtpVPXAenSK1NNswcM7e8yuHo
FNvDkgV71tEZ997BPgT5ouSA4btuEsgAUGcZ8JNTp13F,EBW8DDgMy2SzDo7mHVVsw6DgxzC78AXQeBjpewDdQNEJ
B56NDdqVevb6K6aV9QwFkNN7VgNY3ZdjwMMCKSHZzC6L,EBNrzisp6KJ1tSLLBKdSds2jqVFyRQgb4xq3MqHLq4WF
85YK84ReFwLbpjBf5Pd16XuSHasvCzc5WQtTdsjdK6r9,EAx8FGyy1mw2ptU5aYhbRHdXDpBrtkc13cnoMdesW1kA
3dQCaTpt1BmHxboQ9i4emstDo136zAUeK1x9mxEnmwtE,EAwiZXS27oqkmbi8ZisUULg3rL7LLNRCHpe5Lv5SQL2q
A1DZeL4TBtGvKb11ei4eBoAs1aRN9fB6wjgkLY8ER2dg,E9ZeqhREXgumNbixUQJcEMBq7ciY2TcQX2FKzyiu2gN8
1BWutmTvYPwDtmw9abTkS4Ssr8no61spGAvW1X6NDix,E9ZXVu1YVxcZSqvqmrAckHWkkH8fz3kgoQ38KSN94r3j
2qFauKYwgrtva7zQi9w5PY476n491WBJ7saVkjj9Fnx9,E9Sk8gYCpPZF65KRE6BDxQQEdJTJEiFSfsnhyQwZ2PF8
85YK84ReFwLbpjBf5Pd16XuSHasvCzc5WQtTdsjdK6r9,E9CYEuEHP7VLJwf2HmAky7yRFCVoVsCpbn62SRt9c7jE
9qnKppJGSXJ8Qki984bakU2kkVMg2FVwCvZExKkyWZ1s,E93LiLSdCsWDViBC8tDRhRo4jzHe9F2zyE3NxutTWtkp
6LgoGQ1WoToJsJpzzUrwKKu3Ah6awF2JCmrxq7W56pgj,E925Fgu8ey5aZdtHz5yXf6gGRpfecKftsYqYDyMFdmG1
GkBx1kfm7vzS23h8r4hQSYPetNnKdykZig1CyRoQfkax,E91qHXy7uQaLumYJGdwNWwRT2VrFxa1g2XN6yZr6soQD
7pLVofwG8ydYt6nyhgsH46ZxchyUno5RgWBDmAeDBD4b,E8zoh6jf2xNU7kiBJ6WEB4VgFscvbuTcDTzUzzZGgSEU
EU74WhciXvka8x5sFiJiJsWiYzCBBBFK4BXt5cYFMoWh,E8GDaT3WiMsjKC7P5SP5zNWETdRD987sEVP1v6uV8riM
4yhVBzqLWvx11LTfUUwKFJ4GWp2ARMjaf6aDo3wTRXC1,E8FnL2mkdEnLMtV1rHDjYuKej77phuo11sLU9vaACH4W
G6bfDikmBmntCLcLdFTQhZ2zhqcuWygDpgou2Nq8YqX1,E7riakazwiQACJLwuZkRUgNtYZykf8mZJCefY7FxcQsu
GEJ3zU94dgUcrac9QQF7qfF1w62toYhXYDKKCES8pXuH,E7eR5PndmGiwXYvdm7S2yvgFFYGcstEZcGfUtg9CCzCH
7rvBfawgMo7BvPyT79CaTXwPSWycrFLqLzyNZcT8PmVe,E7VCzRNH4E17cm6AvFJ7CANJ9qheipzpiVyg57MfpNDZ
FgY5QcnWjWresevhUqW2uWyf5KigzeLd4gsebvnVWpyf,E7URDTp6cimuemdRxHp5xYNN7WhNu1TaMDcHwEEmWV3E
Cp9V3qLnjjCH7SNrEAtjqywqeztZKpXckDK13BA3EBU5,E7Scuz6RHEsiZGxGBuLYw3pxpZvaLXdfTZxfXcq2PtuK
BjKPFxjSNfQr514tg4cdkv855adjMZvMN8keVHcxGojU,E7F2BqpcaiWvnNrPKvU6BQiEba5GbF72qUGoAFcvxy5q
4jNBHhQcvPYZDvdNqg2T9QzQy56ZStdFCn8wuidEpFbJ,E7ErWgGorP9QEBfrhq43PeBFuhK4C3breLmpbJTUUX1p
4ohKBnA6HLNp6VXLHtBNtEH9JUb575AS7rJT1BFaKo12,E74DhLZVf4VczVZDBdNnuunMNaiQRWFuB8uXNkonQ3zZ
J4BKzARbSSrPYUn417JsSRnHHwNAKf6YVeQPpokaYMnQ,E6TZN4tHNZq6wMiv81vHQEHfUMtS9UyhXmEdDY5Hu6BK
3XqsfwrUdq4QpfUKBLPUMMMjbDHVEKy57VbZsz3KeDKq,E6Eg7ytLFMJpQF4ZRDX2VToycaamCNATv2JVFXckjNxj
C4yo35zPv7x1MxRpMYeDzvAYYsaWur22mrZ282b54ySM,E65KNvkSrquzcSj5HowpTcEmukCssysA15bCvbJZQfBS
BbgTRsfwp2F2nR9eE3raNUGvXgraySTFCWyvvXz1GiwY,E5tNeiEHD4b733CKXsGjXJqXzXbXQgaQRJHYSFh4uf6U
ZE4LyYi6TyjoEs4yPvGfCfXYAbmkptN19J7o5wPP8KY,E5ZdctFjvWDgxy4WtayUirxMhzkZN3nzMrq4cS8tNmFR
A1DZeL4TBtGvKb11ei4eBoAs1aRN9fB6wjgkLY8ER2dg,E4eWZ4YZy8vJcmtPXWzpsKJF45k6L24g6rF1CtbcfbsJ
5nBFfumxMQGc6jP6j6F3xJtzmvMjDGtWAnTU3XWRMHvz,E4d3Y8y8t57DZG4u675kdXAvcMDPiXbJPPuVYkKPujfB
GEJ3zU94dgUcrac9QQF7qfF1w62toYhXYDKKCES8pXuH,E4bfszRLE8e72satnwKYeV3uRgy1ynHR3dpSsHrfwiZA
4YneHM99T9kgpbLbnS6ysbVvBKL4cLwvqNxvWyFXB8Rh,E4GSQbjqbE6hyS7hS9A1ud8X7Cx9gyXFJoxdzx2tbd44
J4BKzARbSSrPYUn417JsSRnHHwNAKf6YVeQPpokaYMnQ,E37TC5Ft7oPmEGYvuhE6u7Stxds123wh7BTaYed9EL2Z
GEknAEb9LCbZ7eUMiiCgeRHszMS5QYBBkKmpvF353zou,E2qeGVs8J414RWsDJvu2q4sDt1c5e7wp8LzwGxp34fZS
BiRb16aQEsqiWA3BoUq3a7aVrL53AHR5mYUXpmiQ2wWX,E2mq3YGEp12qPTLQhFEGYRkjFek4czQYCxhotkCa5ULs
BLjtsrixbNWyDd3w5z33wyrttZ5MoqweSsnUJU9CBknJ,E2gBDKoMgooi5pHWTDaJuCDy4iKbys1rCG2bps28ffuF
GmFonBFUe4m8YEmd2rNsjxFCV5nNwFwN5s3PT1tR4rev,E2drWLhyqPoA6yVbHcZXd5dB2yqpainPgWKUqgk15vyW
5f3vSBHj3anAdWRW58eziTtCuTS4pEnXWZHWGBgLiesj,E2DrEiqzGwSZ65cybSHNg8NUiYPTD7cA9PcmN1Jp8uL2
A3FRThevKJVh8HijoNwhnSRvCRjnkJ3FyfLPeFbgg5Z5,E27bdsZ7RHVDEzixkkJivTVmEVB1QAWNLPQii8heC7sx
HGDgNDA2zuYXdPkiU2JCgQ2h8NThYFCTvV1Gp6Q2vyw7,E1xg79D8oRWh6UQd4qzh1R6pqQTa9X1eANEoEjHcZu98
BgcHttqUndz3koLtVUqZELci8hfFtkbzJoxh8TWZJHVv,E15szqPmSuLA1kNd46Hfqz5wwL5qwg5VQqTWsQ4hMPSv
ErvEmQWHfnvJX6D5VkPQorEWKYf2kKbVBemXLq8WzbKK,DzgwsVQYJorRVWw56KcatVa7MncbrGpJs8ZVZfEdnUp9
2dpobpzy1PLM7hsY16YwX6iM9xpxfh5DGqsY8hYBsfMm,DzVgrFmaJtPmXAZKdexM1XarfCHnrvHpTKANNktXo8dE
773aDzyDLsTy4VtkKX3mG6Umdkg34Xk8yfdtTTpzDBf,Dz7Q1VN8rwnbgoVNEmwUGLE5DRQSUmpK4F1eVM4W85T7
FuSgtgU3zADRdVxPgGSQqFaEzADMPzu4M1Bmagud3RV4,DyrQCG6AtDR41GUshmcDj4yCEyPwUA2tb8VXTTQ8CwwV
85YK84ReFwLbpjBf5Pd16XuSHasvCzc5WQtTdsjdK6r9,Dy83oasaVSJJkXUeES9deCQ5S8tVPxNSXtvpyMXjwV4q
FvCCiEY5heMWcroxr7uVtErkxPzAW6MWdkMQB3S6dqys,DxcV2TciVhSGzw5cSvGjpNm21q3EfPH7gz1D5LZGHpia
7pLVofwG8ydYt6nyhgsH46ZxchyUno5RgWBDmAeDBD4b,Dwj4hHZ5yfDeVZiYcQjJnLTtM2ucuygE8ZyaNpDGmwhM
HMoZN3FEvxuecjGETQMa8EGPsCvibAbPfXP6h3cL4E8b,DweyGi5FsrFGFcg58sTPo8zpJokHcBGwRWm3frNm1u4g
CPGJVvdy1BXwvDxVWaMTUx7rUVqLHCxyT95pnUv5jCXM,DwZPG2G17kBYdMgxcTDN6YPF2qTVqosFxrmtJSoLAdWk
85YK84ReFwLbpjBf5Pd16XuSHasvCzc5WQtTdsjdK6r9,DwXAi5EzSfJPUmVmApCpdrwy6Dswi7Th5HcYVDRqmwzw
A1DZeL4TBtGvKb11ei4eBoAs1aRN9fB6wjgkLY8ER2dg,Dvrw1zDYNuGrsec5FLH9QzwZPKYJVt2vdyLMVX9LLryn
CyRzuuStoZQebUE4xQM5EUbvcHvMzGxgFes6xdRh9RiJ,Dvn33CxLKsZB7GDtWBFiiJ1ouj6oRGixSvm22rqyzZFp
ECjwyYEwQR2vJSRFoXqGkLXpo7zFsejZu5JSRAMeqcM1,DvjF5rpuVMV5z6vKraUkH6BxV8znjCZ8EyGNUrNbG4Ly
9xdoAzBMTQ27U8jQtHE6CjZvQFRGNpdv6FhA4GHRPdYn,DvdQXysbCEtWLYftMEMNGpiAjWc9Y4GmESP5LBt999bo
HbVpCR5NRmXSZtbP1JazWiTscWsQxfyoneU2WdAR7Za8,Dva8rj1tjEVQYLwU1uy4vZXr7QyQrKaxGeBHMAVMM1iX
A4H9f41rngpzGE3ZUJTyBxLfB9LtH3q6WtGcwcyK544C,DvCxcD33AKk1NSQHWSGoFpwsC7u8p85K99vM6UQjsRGk
28zpBTAzbtEvsfQQCm4QbV7oqd3dryfzzriU9sLroahE,Du9qbrviocFdLGmB7JG2CSiCph6TJ5vGgzusmMVUEPA5
GxCT3CmxbDaq5e4B3HmF1Had7GHcY1H4tNY8ViSFvtps,DtwymYUxv75DEeaPNYa98F1TGzgi5NDH9tAcXR2r5jrx
BS4us5qgxZfDH4qcS4FyzBZHM5UtBXQDCqQ4yWL7PGoz,Dtiqz1ruUYHYbS5hpXAnTX5v321T66nb124K55giKFbc
FRiKTTtBFCraXxAdN9WbE9gHsJHauHzLKf2t53xiyFRR,DtexY4VUT79ZwLLkzuNF4fWia7yVhByDZL1DALE7T8L5
B8oL1Sxpr4fUdrKMhMiirUSu6HGMP5SWYRSxSLdfhnyn,DtcgLDKV1WxQFT2qQEV8XyJimcNQ9bQMW5seyUbURKxk
HcSsPqbZevRR6sXfPC4ebbRoYD1391rL3iCK1cjD52QP,DsSEq28PBBGPUNEMpk1xiko6TxGr47kq8wny4GDtSpKu
THthoAPa4rKqfZLe7oqzW2G6BiQoAuyw4Ty7GK7a9WG,DsPR4HnGoMe6QvtH3QWhZDiV6RZG2voTMegmeVwotkZG
A1DZeL4TBtGvKb11ei4eBoAs1aRN9fB6wjgkLY8ER2dg,DsGoGSNBgqJgzy5uLuoJon768q4wTdsXRdUYh8npU7cg
BcNVq8ChKEH54wKBjbamHvQgCR16CRNtLi8tdyCTkJzV,DrysYAfya7hCPkbBdwgXsX36iCE5F2WW3Ym78aUZKBDz
1BWutmTvYPwDtmw9abTkS4Ssr8no61spGAvW1X6NDix,DrkPTsz3faXgxCtZbNgBpkMr8SWF8KQScNNyrxpBBch7
ECPQGL4oXtuk7HCraTcT3j6wS7yb9jn368un6JyWkrJi,DrAJ2KzsuT2TUcU8ka8uBFwj3M2R66usfwav2ZnS1Ys8
F41EVDtEEQLjG5PNiKMb5fWHAsEizXpg21UAZda1UbsT,Dqw51MGWQT1gnLy5ATLZfjPh9ozKgyDneg298QrYzP7a
Cp9V3qLnjjCH7SNrEAtjqywqeztZKpXckDK13BA3EBU5,DqqnhV7B1Nh2WnDdmApMxiDGs1SKjNKgYCj5bsSRyVo4
6tqsm4PCS7TRzJU3tCj1erb7uJ23yxmhgea68BjqvADp,DqX41eKDm5UWbke7WKodt5gyCuLMN1C3TS1AWNtk9zUy
B56NDdqVevb6K6aV9QwFkNN7VgNY3ZdjwMMCKSHZzC6L,DqWHXVLenCzhgsWuFCtMUAkEHGdqa87i5PabbCiYcV5o
1BWutmTvYPwDtmw9abTkS4Ssr8no61spGAvW1X6NDix,DpwWRDthDxVZ8ZNwA8hHsatQ4FyWM4rYUczjdKZFV3os
HMoZN3FEvxuecjGETQMa8EGPsCvibAbPfXP6h3cL4E8b,Dpw3Lztyx4xqL2YQzCydrRiyV7zT9qLTqcaaKMD7tSkR
6ccHryyBkCEiCMouZU1a2MqZqgJA5NU1gkmrS5L9ajsf,DpizADf7vPxtWNX8WE1cPFvfPGDQAwgyd7MomGWAUxVn
CvaHbjkN5CtMVbN9F9yugzEzhfoRqTsPqxTrBLZs7J2m,DphkWkVvwBjraQ49xbm8dWYVUVtScCrXvzyYdPvP5whf
Fdsuq2a1UVTM57hc6PWJVkVubSqLMToJjzrNBzTwHC4F,DpDxjb8kmuNtYkesLsonVcsmZadSZ7V3gPNNthzpoBsj
5Mic1WZXEySfSaeghLahBkqbS52i35vwmG6eAPEc3oph,Dp4UtEjJcRNBXx49cPohkuZ7LdGnnJRRt5jZnxerJr9G
7rvBfawgMo7BvPyT79CaTXwPSWycrFLqLzyNZcT8PmVe,Dog6QQamKZvwnVznbQi6G2QsyPhrDMoadUtNcnaXAPHK
FRiKTTtBFCraXxAdN9WbE9gHsJHauHzLKf2t53xiyFRR,DoVupx1YVmn4XnYHij5tKsY7bpp3S4Fx9Zbs5Us3Rkey
DUopRU3KZvJa7UEP915TG9vXZi8pviSV9cGL6kWsTHVz,DoEHNEKnSGygqwMpg85v3VPNAtFPx8mZsRZukqrjUY4Z
CyRzuuStoZQebUE4xQM5EUbvcHvMzGxgFes6xdRh9RiJ,DnjX71aTjd3TPQ3kkTpGc1hL1Ynxvm3t4GL7PQRJpjGD
B56NDdqVevb6K6aV9QwFkNN7VgNY3ZdjwMMCKSHZzC6L,DnDYFXVVQUzE4RmjfYJ9szRoeVRQ5DbJpGmJcfR11Ckd
634kT3tiRgDm8szFewBNojXkZQcaKQZdasD6QdoVgxMk,DmfDeNuWY58xFLfnCx8wH9DWEc795JjvsHau8vkXMB84
FDiLdtmNPWG7JikuvgMqYF7umENSzqJJtoJHpSVGBnPQ,DmXXTozhV5RVTBib9Tz8L3WWKN1KycM1wwuR9n5we4sJ
J48S25rj1udxC8rydzCq94GkqHMriLa3HKCxJodujRdx,DmP62dPmQ66UbPuVwSKdUtriRrxaFdiSPEuxfQfySQBR
FkHuNZWsX7Z8mupMShSkdTUAfdhkQJXHsZ9stmSJEAiQ,DkueVgSD2CGbu1LSZgY89PLXe2BddHDUwDB8usSTNfAQ
EviKZozWYJ6jpL5jk5CDT4Ju2haCNVtxhSRrkhVDxnhw,DknkVSCurcY2Gp9DS7iTWqc5MDHGsSyWxuqkRhXieHGk
5Mic1WZXEySfSaeghLahBkqbS52i35vwmG6eAPEc3oph,DkQtMQHBcnFsn8xHgNf1ehS9FxQRfhuyBXkSEP7dE7q7
7mkr2BaLsRu3HVp23tM1USVbARKbawC6AWKDPAYAvbmC,DkQHwYig1aQgpMgXGDWisgPb8Wu2cE8JozgtrsXPK8UW
BGdetVhG6miGZmAM1iqwcDhqgzydL1e2F5gYMYvf6npc,DjfAnJFcSN9cB7yHnRb1pNVQ8qj3YFCftt2SLB5aVKKa
3jY9PfKLema2fw4MVg6Sa6FGnJcMwZH8u2WLnHEEkLmp,DjRHXx6zXXSkWnfxDxDGenEKj6FtojsSVhWdy67LZQVc
C4yo35zPv7x1MxRpMYeDzvAYYsaWur22mrZ282b54ySM,DjFDHbY47598J1XrfyfVEGKMVwWcD6h2aV15Ub6Jjb3n
8YDj3KjDhqsGMgwuThoA8MvMWwRvCfCUqzcFoYktV33y,DicQgCYcpqCWFEgYHnw77ETVZQ3m7KJE52A4WmmjAQXz
ETDieFZVFFdxZDpsRZK4goNQcnGMHLUoRs1uLYm6a27A,DiLHmfdkNjnhsZBgrnNbHi4kN9Z5gz2F9Yjc8ABYRAx6
AjEfNYn7uPnt82wobij6okZ2QhY5H5xVzCGzbJ3xkU3r,DiDzj6PUk2GiRQELkQr8N9hcFZNHzrY2ZpEie4U82HZo
5f3vSBHj3anAdWRW58eziTtCuTS4pEnXWZHWGBgLiesj,Dhz8qTgPeDavfCPP8F4ULEUq5D7jPH15LSXh4KnTg3yF
BbgTRsfwp2F2nR9eE3raNUGvXgraySTFCWyvvXz1GiwY,Dhm4nSMYCMWqcy2cXgxo9DpVy2hyRsu1RvTqMMkjd92L
DenXVLRxRR3yrXFzwMEpnuizCcP6YMpaN9jUdZy2N8hB,DhZXKeGQzBFacAuh2o1LME6Tx4y9w737UKhaL7GmbYoH
1BWutmTvYPwDtmw9abTkS4Ssr8no61spGAvW1X6NDix,DhFmCsi8A2Es12hLw9AqKVVre7bxEwuQD7khyFeBQQ4Z
FBUfSHC5vyH5GYiS8GVnnhq5vFXBxnurDn5j56TCjfdv,DhAb6iTmPtxH8TKdJCzWwhr2pVcP7RhhvFZCX7zsApGE
6ccHryyBkCEiCMouZU1a2MqZqgJA5NU1gkmrS5L9ajsf,DghJRMPYyxzgmEpAFMgP7sjcxhHLtZz13SMxxZirxAd4
6tqsm4PCS7TRzJU3tCj1erb7uJ23yxmhgea68BjqvADp,Dgg1eHZarNLP57bfYsPQFkmWSD14Ui3Mmbcw5s5V8p8h
EtRW9PaK9dvb7WBhcjwmSLK8JSY4zDinjSTkjSP4Ws2v,DgX1ZcNba1R93vMPAF8fDBdyFJ4MQ55QFSHjCDEVXr7L
7dy8heSXUKaX3nRLkQ69NetzQxZYNQgUQsCsvTeV8MVt,DgR5GYUvsDvmQq3XEo4KJoAh21x1pSG3GyC5g6gmanzZ
7dy8heSXUKaX3nRLkQ69NetzQxZYNQgUQsCsvTeV8MVt,DgCz5JHvJupE6t2ZJwLUENby91wECJmawvhjqwkz2r2A
gCv41sQZpWwVx7K8ec8GqtMqVqJBkmb6p1bXwbNZEUJ,DgAZPiiZvb1UzBNiYV88XfDPqssVM9G52DmGt3eL7LyX
571gUhPVywRCh1J9AX65v3WpN8ZMXnhYrutLLTRsiRJy,DfsbXAYEzHtkS3zVXLEg7dbw6AFBPkVwoJYMV2AMecgD
2fg3LygNJ8tsCE23rhFrBE2tsFkPaPF6rZCrnhnjrSNM,DfReBVVFoabhJHbadCrnxm2VY12Rj3cin2isUjU2A2qH
7GYFNXUi9eNFDAbZfvsd7EBfXLCGb7Qx1cocR2eqCAYN,Df8jVBZPLuTKzLifrCcjrnauMviTh7SYLvvNubz61tfL
3ukVQkntQ1Ydosb5yMrwA7xuDbbRij2JNSb22zYLWCQT,Df2eVsxEt9gZqJpUHhEcwbgH9WNAMzbpN6wnuEodQm6b
FRiKTTtBFCraXxAdN9WbE9gHsJHauHzLKf2t53xiyFRR,DerbZidCZjCWrhjkMpuiC5YqDmWCdEqUNVEc9cBRFD2o
7mkr2BaLsRu3HVp23tM1USVbARKbawC6AWKDPAYAvbmC,DeRmJssLwoP38j6E7uM11ukfmJCErWfH5YykxHyXPQf9
4YneHM99T9kgpbLbnS6ysbVvBKL4cLwvqNxvWyFXB8Rh,DeJ6gRCasLde5LFCpT1AKFCP1Ec8GkrVcqrb4ShCHBuG
3ukVQkntQ1Ydosb5yMrwA7xuDbbRij2JNSb22zYLWCQT,Ddxtivc2WGCP5a4EF9M9QoFLULD2uPo5AHGCqTUPBi2R
5Mic1WZXEySfSaeghLahBkqbS52i35vwmG6eAPEc3oph,DdguaEX9tkfnTj2SLmTSV5rHyPDdMrNnByyezaMPVNoH
C6mx76NRCX6ZJbtNWtkW6Z4hbB8fxDvFHx4BSQJj6Ftx,Dcp1XPXYFCPWXUrWEfYyYJNNqTRWFE8VFdr7bw73KtU8
5n5burEA16Kfmwi8dwmrhc2723G1Ge2BDDfGYQBudFSi,DcWKqxBaPwm9FVbjcj2oMqgsatgcw6ihqvKseMhHD3oc
7yEKqyfRMMw7idsttmkqXp2Jtc1ooDgT6aZ6jm3Vmqgn,DcAgxNtCFTGYaBYaJZfebuNuejvsiRcD6iCeeha9f45X
7qGfM5cTJn2a9pDNhtLNoWnXF3hJ2aSb317esSoLLtM4,DbW1ubmtzgwDbcha3HF7cKTuEDF4bGjosofgigaF28Ti
7mkr2BaLsRu3HVp23tM1USVbARKbawC6AWKDPAYAvbmC,DbGoBzMytaypYKjWXn4iLTXgfp6Qn2LJj2Dy9DcndsKH
DenXVLRxRR3yrXFzwMEpnuizCcP6YMpaN9jUdZy2N8hB,Db3hadq5UuikZKQ49sE1wd7EZkjA9jkfTEgdNYN8VEBG
BTKLNJ7swAfSLyqC7JktbwpVj7TZR5pFHvPtofyLKeCo,DauiRHsCRu9bBVSA4GkBbXqmYtPWjrNoMkpxYDhduDfv
4YneHM99T9kgpbLbnS6ysbVvBKL4cLwvqNxvWyFXB8Rh,DacznSvxzusmVA4nwvHLHMos64H5THYghwYSmg6UuExF
7mkr2BaLsRu3HVp23tM1USVbARKbawC6AWKDPAYAvbmC,Daaiz3LMpLNsATqmKU5zZDj8PwHMvkhti4SdeN2xbCPg
4szyokg5Bq4TFFTzKY7Vp9dEFuypNZgbNLJW93ou7Wx6,Da9dAiLdt1D88Yya6UKhHKBVoCLTnLqBFtESRDahY6G1
Hh7UcgSCUNKS8TEsvwAAokLC24E8mjt5DQj6DGCXSBwy,DZVC8Ba8SAvetJFmPQQ7hNUt7WhZEHVrsx7kQjZAvRoB
9JBGYAikENzKieq1wvTc9y1HFtjhBqUnxDTeopZs2RTX,DZN12X7KeZ7idEk4tHSztkcETapSGMvDrewXweSWhZ86
BDa7fpbZU7tMuhBqMEgtTyFuB7RnWXfYNwCEZ875hUVL,DYmqADu6uLSrCgyqYc9ApuQgCMY1Pmie2zacphHJxbcx
7mkr2BaLsRu3HVp23tM1USVbARKbawC6AWKDPAYAvbmC,DYiexhDLVKuKvEBvB5qCkJUFpccV5S4ocFQNa68i679Z
A1DZeL4TBtGvKb11ei4eBoAs1aRN9fB6wjgkLY8ER2dg,DYKQw9nibpf3N9Ev2fyt6Pin3z9aGymX7bQRHhtQxszz
G1iLxRSBL7S9HfgbDjG8PgQRhsoP8yv6uiMrxKaKJe9T,DYGudZfjJ2zkuTRyUPKCn6MYZ3gexegemuf4HbTpm3tE
gCv41sQZpWwVx7K8ec8GqtMqVqJBkmb6p1bXwbNZEUJ,DXtXbcHdcCec7qx6qCeQbjjrztVCAUws6YM4TEN84WtC
9sJgTcsumo4Gwoc6V8i1P7p2RouhfFhaKP17VkUGZX9A,DXfSaKfPngFSTsiRt4udWXh537RAPDb24Ck7oTyJFDAP
8xCKu6C2k6pMYfvV6j22Z3AKFt9sR7rGx5cQ5sHjKv9W,DXaT9cFo6AxVV9mC5feMZo9F27Lda3E2g1wKV1BAmi9M
85YK84ReFwLbpjBf5Pd16XuSHasvCzc5WQtTdsjdK6r9,DXQ48SEjj44UukDnb63nMNiQQsMsBfnbhZATcfZh2NQN
8YDj3KjDhqsGMgwuThoA8MvMWwRvCfCUqzcFoYktV33y,DWmvfu8rNATh7iKCkMd9jnh7XYF74baQkDtaLP1nALYS
1BWutmTvYPwDtmw9abTkS4Ssr8no61spGAvW1X6NDix,DWer8KWbUsN4okjg3puWfeELCZPE1YEES9ATaRfFRfnP
9vGPfVZNhdUfy9iRrMg3M9uw5zhPdEBwCS2qrjcPhbEV,DWb4n1wrSckrNGE49iBB4xVu1T2XX1DpCvBMtwgGmPGs
CKiAiyoxFaHCiN8jCCUWERDeuFBSrvFoAsT47pg8ifuL,DWUyQVsAzmKjcJ5aRXS2Nh8ZxRKhAFxHEfFw74EsKEzi
BbgTRsfwp2F2nR9eE3raNUGvXgraySTFCWyvvXz1GiwY,DWAb9TPR8SDx25dpva79dCZumCadMc5FYs2xBVtuhWLR
6dTJGqWv9b2mmRsNypKAVHJisFNg1ayJsgRm7XQR9eBY,DVUsF4BTZcK8rvAvccsua2VUPjXK2SacgfFy3Ttn3Vog
6zr7XV8KwBk7R8JMj4Qt7QK4RMN5483mJ34UuPDDKF8X,DUaKzLR6ZDqRw92vTWXrvHaGgph7bDtyQg781MXcq9PD
85YK84ReFwLbpjBf5Pd16XuSHasvCzc5WQtTdsjdK6r9,DU5yGRMmuZNemogvVR2b5Va2oaUNPqy2DqgWe6QJz7s8
7QjpEYTntTZzdghCcE6hxKK1BM3s1Kyrtq5NuyzVE6sk,DTwMov3uyQjWfNwRzhHFcSd35AtAxPtea92vmNGK6fwo
HGDgNDA2zuYXdPkiU2JCgQ2h8NThYFCTvV1Gp6Q2vyw7,DTbKPx7t1gJU7BHb811S3Xf52HoRHXEn15CBy4EcXBRh
HcSsPqbZevRR6sXfPC4ebbRoYD1391rL3iCK1cjD52QP,DTUzakqduAyNA3P6cQxYqcZ1cH3A4YX3aGbh9ghaCUhT
BbgTRsfwp2F2nR9eE3raNUGvXgraySTFCWyvvXz1GiwY,DSy89XiSo9PuDxH3YBnsTAKjUNiv6RQrqmC5qPr9mivJ
7mkr2BaLsRu3HVp23tM1USVbARKbawC6AWKDPAYAvbmC,DSu81DvR7pNJwvdqsn7MJFUQ8LUkmYLq22Cd8wVq37sk
7JcqkkG4Y5fVkfaAorUNXANkF9d8a3GvKA5oQyD6Cuo7,DSmypFTN81LeUAr5CMhVWb15DcbvN4LYLyZdo54webFE
B56NDdqVevb6K6aV9QwFkNN7VgNY3ZdjwMMCKSHZzC6L,DS7FqQW1572AQWTBG7uEAhn9a3JiN397ZxSqsVv3hXWd
4JX7jBZVRh81QTUeJSiE3jhHjS4JvPbGdzi8AEwENDKx,DS4uxhJPsAFEC97E6iRcbLab9Ho2fsTCVNXUmF7AuLXx
1BWutmTvYPwDtmw9abTkS4Ssr8no61spGAvW1X6NDix,DRKGDnh8uxtamKiXW8wPFbA6qqDdPsyvDVT7vw6cGVzb
FTrH7Q3jJ2gkPwvpgR8KDGtmewRbB2RKBeKYaZH7hiNy,DQuiZZgCYaK97HHdUDMSfJSWcsHWRzMKrjmnTMeV9KkC
9wZfVrquxEzQjR6fiGmP4s4Q5MwQFFTDFaGwJi762JLK,DQq89btExjzryFwiHmyujFnw7DTwCJxQXAq9akJoDpBF
3ddsSwvFCpKUNKCtDc1tXJWerxPCooSJDmynSDjTnkof,DQhasLCyLHi5y9nYWYasnknL5UEAkM7SoRGxtSVgubuE
GPtKuyLh6H79uqJznoQwgcfVkHQz6NpjTFMsSbaGWDQM,DQ1zaNjxuHbVCoz9mukznPSvPUxBQXybKZTguJRwTfHk
7yEKqyfRMMw7idsttmkqXp2Jtc1ooDgT6aZ6jm3Vmqgn,DPqEyi3vkqYTiU1z3yjtRRuYvi5iBHvBqNCKhZ3YDh9T
Eq1k9Eo2UUuUx2fQvWRwjJ2ES3RqJXv5foBGJpKEPpqC,DPLxc5TyuRvAbccZU6D8PJe2RxC469Zb8wS3vFizbg5q
ASF3M9SXSmuobEFg1uk2P6agRdkMWSeoCYkZu17rtnMt,DP946adtvRo5aTge75fo489Exgi2mhtczBX7vpbRcrHs
GKHyptQ6Knshez2mFVaohDBmGEwgYJCBqPmLCTAX7L8x,DNnVpLexQpmSyfPE1aG9qoZdBxe5XrT2pgfJ7Wx7WZtU
8tK2wrpPnU5UtCzkh6HmcxjsiNq4gqJMdNrEwgxSc8WA,DNZRkQUnGRaDiQ391wuBWkpTszyGefmPRAQGDhQrwLTW
BbgTRsfwp2F2nR9eE3raNUGvXgraySTFCWyvvXz1GiwY,DNZPqmAXYc6gd3RHv6MF2SSUevWJpU9HmxzBuoNCo6vn
ZE4LyYi6TyjoEs4yPvGfCfXYAbmkptN19J7o5wPP8KY,DNZ5Wv3ecReo27CawGyAR9JFJc8riCR12PWE8ab2MTey
25wDL8QjQKc6QgLMCdjdaUkDZxoetSVSjqTkBCDN5Xqi,DNDK7AMo2cnu3DDps7V2Bv6ENKWykgRX1QfuJnkPPGqg
BbgTRsfwp2F2nR9eE3raNUGvXgraySTFCWyvvXz1GiwY,DMuFVFdsCkRhAvrpm4Hp7vCRPquASPFw4oFYS3iFjdx2
5n5burEA16Kfmwi8dwmrhc2723G1Ge2BDDfGYQBudFSi,DMrhBe8pBJqZgRLGTMPjexY2sVnhcu92152jdDxztteA
CPGJVvdy1BXwvDxVWaMTUx7rUVqLHCxyT95pnUv5jCXM,DMgoUJQuzKpcKnH2aCL1zsYTbHsAKtcYAcyu5q9Ptqn9
3HpsMQv5vnUHW3Pc8sbU8U3KTGVd98Aa6pJUu7zgQwzU,DMaBaNGhvt5HNHJ1FVxq9uLSWJgyAM93bDgbNYfHTkQb
7CYQ6NkVByU1Azia5kQkXi2aKbekSp7pkR8bRBAj6fz6,DMWDACss4GUCcNh6TqXBTVkPAFbFe6nBckbqWgheyTGy
ECPQGL4oXtuk7HCraTcT3j6wS7yb9jn368un6JyWkrJi,DLuY5VuvP8Fp5pk11zrbH9kskJVRAiPeNBmNg1erHJaX
2NEunbxTVj6bKvLPb7QceKcLpWux6n5x7KxdSZwAV35v,DL9Mdt8newWcgc17YNBHNQtEYe84R2KnhJPb1YcoGDqU
GPtKuyLh6H79uqJznoQwgcfVkHQz6NpjTFMsSbaGWDQM,DL4LZiyg1s5mLGxG8CkZShHW3GQMmUzeyzmBVJUfDriU
DenXVLRxRR3yrXFzwMEpnuizCcP6YMpaN9jUdZy2N8hB,DJe2d7m83MPJtA1mgqZgfGb3G4h8yuWGxqK3aAygo1zL
3HpsMQv5vnUHW3Pc8sbU8U3KTGVd98Aa6pJUu7zgQwzU,DJSKfHeazN1L4jJsVkbHTmjqV9Mn5fbCGP21ycTysY9E
7pLVofwG8ydYt6nyhgsH46ZxchyUno5RgWBDmAeDBD4b,DHdaLdVSf3ya9nYchMYu9C9sYmcrXfhQKin929EVRpUn
G46y1sADk9zrQStAxRu4W8ad1DK9ceccEzMVMCc2XUTM,DHMnFpXJb3kuRrt99msBQczG82c56tBEw5H7BTqxqaAo
B56NDdqVevb6K6aV9QwFkNN7VgNY3ZdjwMMCKSHZzC6L,DHHGvMJknMwqF15zEizcLvjyUJqKk6wiGrDkcYs9uvpg
2MzwN6kJ6v4KGPEom1P5bBfpmDcCudN82gZ6yVnx4AMk,DHH6jkWXoNrUQL5MuWAXKkHbCWXgGLZ6cyYcgiiFVkKx
gCv41sQZpWwVx7K8ec8GqtMqVqJBkmb6p1bXwbNZEUJ,DGv3bwKQkP2muzwANgWxzDtWTt1tMpKmiKNPC3NSZrfM
BbgTRsfwp2F2nR9eE3raNUGvXgraySTFCWyvvXz1GiwY,DGkBhdZpym4E8EoN8fXbXdET9dnuLX8Kzn3g3E1N4Qky
A1DZeL4TBtGvKb11ei4eBoAs1aRN9fB6wjgkLY8ER2dg,DGaQhn8MzCaxxGUWAdcR5oWT3NN7vzrnYHLYppeQufYi
A1DZeL4TBtGvKb11ei4eBoAs1aRN9fB6wjgkLY8ER2dg,DGY7PWmxxBX8d2isvjwxTtnngPZ6EdHifMX8Wd9NiZNe
C82C8jRXM93upcqzK4ftDfdyfrtqfmNEiW5N11Zzwyrs,DGSFHZF6NxuET6bSqXgBSC7mcQxS9Rx6uGYkBaB4aXbc
DZGyo9uB61bXihsKNv2yEie7XuwHqFwAnoPxqM1ML9yg,DFXF77GeSdYBGstMMi5UL76CQHreDE7wa7isQZ9Bk4Fx
3HpsMQv5vnUHW3Pc8sbU8U3KTGVd98Aa6pJUu7zgQwzU,DFNTKcX4pmgAN9PMQi2VXmeH3UG2ZDYLYWqij1WAJky4
ECPQGL4oXtuk7HCraTcT3j6wS7yb9jn368un6JyWkrJi,DEcdKf2J6W1mwQqJYjneuE4zwuLcoKYYcCPddBGzNVUY
BbgTRsfwp2F2nR9eE3raNUGvXgraySTFCWyvvXz1GiwY,DEFwPuzZ9CwKFAtH6hXKFtiXBuyfC1Pj4NE1GDUTPkrn
gCv41sQZpWwVx7K8ec8GqtMqVqJBkmb6p1bXwbNZEUJ,DE3xwrzCJQKL15cpANapDsr9PAkyY1tu4HAYb3QpWis5
HuFJ34mrFK2LCwgaTL8vBr3m7tZ6QpNFCjr68tw7wetk,DDipi37M5fyBA2hYdocPf1ukeDi7exYpTFvvVs6L6yCd
FTrH7Q3jJ2gkPwvpgR8KDGtmewRbB2RKBeKYaZH7hiNy,DD2i1beSU8z5e5eJz56rSecmW3kM7Da4YoKJGX66mvB6
HYn8C7jiyawxxYjVwV4eUzUw2yndmHYDBZb7zCFScp83,DCzgvdGjBvnS2E7xo71WVi5WRs8gGqucynNtf3MQmeZM
CyRzuuStoZQebUE4xQM5EUbvcHvMzGxgFes6xdRh9RiJ,DCTzdpxKoZWzsSACAvuHnN8uY5sfgsjBCcJm2osS66ZJ
AupZooJmeZXAGqy7Gzg4rekrL89qGg3p2e1L7zeHrsmn,DC9ocHewCMrz33U5N5RmdE3YtQdDjxGGhq61KwMDkZRo
9F91HmFYbAfMujt2uRAtV5vKRRC7GwJXuP1aBs9J69Yw,DC2VGMYtJdEV9e3DB9xsbnCHB9VZ3pZkX1NuCcp76mQr
gCv41sQZpWwVx7K8ec8GqtMqVqJBkmb6p1bXwbNZEUJ,DBdzFonmyaaJ3uW8sdWjhj6rEEemBvaHWcto1jANWPZt
6dTJGqWv9b2mmRsNypKAVHJisFNg1ayJsgRm7XQR9eBY,DBNp3gJiXHMTHsXbY9ZuqnwL2dDtxH6tqLhTocVbxkP3
9xdoAzBMTQ27U8jQtHE6CjZvQFRGNpdv6FhA4GHRPdYn,DBMnDwSp6V5iUzKR4JkS19UJ2m6VyvKwHzKZvpRjrFPa
1v6MRkY4Z2dBAsbibySvuaj7kXssvJrvYefLbSsWdzC,DB3umiaJM4fZbV3CL6LSbbmZpMQ698FXZhutjAMZTqez
EU74WhciXvka8x5sFiJiJsWiYzCBBBFK4BXt5cYFMoWh,DAmdSxEQ4Hd3UGwtMa8z6xaCfJ3ikjSeDiPMG8CDKCmB
ZE4LyYi6TyjoEs4yPvGfCfXYAbmkptN19J7o5wPP8KY,DAEEykDeyDpgJdULqEZSpTmrfZ3neKXJ6MSzRM4uX75F
B56NDdqVevb6K6aV9QwFkNN7VgNY3ZdjwMMCKSHZzC6L,DA4L5BPXdqj2hMHkq2xY5Rm9UKL4bkk3s8iEAtqEUkoM
3ukVQkntQ1Ydosb5yMrwA7xuDbbRij2JNSb22zYLWCQT,D9xvjJwrtfLzoqY8bT8Kw8BmTWXb3S662dGvNz2A1N1P
53xE28LYDVgrsAP1CnBpCxXF1MoHXxMDM6ckMfcsdZRD,D9KvduYx82iiBkiRF9wtGtnQeWjcaTjFm8GpCBc5ouzv
46HRYafCqKcAaWzw3H5QyXuEATGxR2v3bgQYyW2mRRdb,D9613UecQ1gBgenFNUaei6aokZ1CafdseQWmcKhqKVy5
CMCieNNoXZV25qmi7UZMJyJd2Z1rTssdzNJ5USFxvxkK,D8ubGZc1dRmAHE6aPCHFkyzXDVMk5EhgvGRTbXwuaUPd
HfsehwegnmLwFmNdxd1NzDE5NoC3K7YER35PFsDutje7,D844tJqkvPgb413Tt13Jeqdzia1Cxu46abbTGqxiSki9
4YneHM99T9kgpbLbnS6ysbVvBKL4cLwvqNxvWyFXB8Rh,D7wVSQuHS7gJY4f225XsmoZdGcLSbTE4joU9wnnxFhPp
JCPwcJzfk8tmJgmi27P2RbH3NdePBkp11EtZyJb7s7Zx,D7PnG5aiGjDGXU9jcw6Dt7ZSFejGiT2Z4mtyPcn5fzQQ
G6bfDikmBmntCLcLdFTQhZ2zhqcuWygDpgou2Nq8YqX1,D72UVMoDJx3xAFHhcapSbhnH61Q89MorEz2B98JkgGqX
7FC39KUZWYdMhSA4AQHyZoD6tMdygpiTv6Rh1bkkhCxT,D6pojAcNoQwFKzJWpZx1VBStfws6c75bBZWo4mkgEJjJ
7mkr2BaLsRu3HVp23tM1USVbARKbawC6AWKDPAYAvbmC,D6o9NyztJEcvri2LeHkrrpJKAfw6mYgXanHRdFfFkz3v
CyRzuuStoZQebUE4xQM5EUbvcHvMzGxgFes6xdRh9RiJ,D6ha7zL5bNzU7YtmsBg1VM8LKimKUN46FcQa8epWNVqx
B56NDdqVevb6K6aV9QwFkNN7VgNY3ZdjwMMCKSHZzC6L,D6dZ358aFwyfrgqttHYevvf8X4aQUw3sqG9mngkV4hno
A4H9f41rngpzGE3ZUJTyBxLfB9LtH3q6WtGcwcyK544C,D6QeN4x2yYKkc97Kop6Rnr1CpSoMJFkKYnUupqFw3dKr
3ukVQkntQ1Ydosb5yMrwA7xuDbbRij2JNSb22zYLWCQT,D6BzXufxm6uPnLqy8VVheCcdjFYa15LdaRKgQUDgVhhb
FktYudvK1ZCxda4aLDxaP4RZyWDat45GzZneZsxb3ZVm,D5H6Zf9yaMKzwew25Nh2vq4WHZSG89K1NZamiHeMTWZV
1BWutmTvYPwDtmw9abTkS4Ssr8no61spGAvW1X6NDix,D54xSdF2VWQiUnMdNKSg5XQNhogZRmpcySYG47WVPmVd
BdsrCk3DRm66usFF37XnNqJWsCX8WPgwsZ6Nw9gxik7c,D51y74nDVWDwTbZfSHrDVqCaUkWJh2vzKqqHmPVqBZa1
431H2hP6DVzSmvm2d6z3qzNkJJ3nPEpLbFXAxFWCTBSZ,D4FYvACvNVsPTvkvvFZVzURUDYnrrAptfCN912R1jANK
85YK84ReFwLbpjBf5Pd16XuSHasvCzc5WQtTdsjdK6r9,D43oMHGz7KPZGmZLtX7E8Jsnzvz2BYg7kqQXahLuT959
FDiLdtmNPWG7JikuvgMqYF7umENSzqJJtoJHpSVGBnPQ,D43K7xxfzNNig1qPBpdrQyftXFXVjfXBMdK12w6jqvk9
A1DZeL4TBtGvKb11ei4eBoAs1aRN9fB6wjgkLY8ER2dg,D3t418QVG69Lpwmx827JRyWVto5g2ZAovbPPHpsTCvzY
DZGyo9uB61bXihsKNv2yEie7XuwHqFwAnoPxqM1ML9yg,D3Y6tBCDp6RpKtYBSBBfKtZ3S2CwyzZsKohfBLpYdiy1
7mkr2BaLsRu3HVp23tM1USVbARKbawC6AWKDPAYAvbmC,D34w1qeNyfxXvNsEtaJdLxiXKqqqiPSCQo5dPNs6UTQu
6GWGM5Sg1JnTwGttXAvPmn9q3bcTBmQA1ZCYZN7DrwUh,D2sQs5Y9Sm8ocBnDHiex2NVZmeyuin7xi3jncMYPMgEa
BbgTRsfwp2F2nR9eE3raNUGvXgraySTFCWyvvXz1GiwY,D2qG965RKAhTJ4zYohCJq2Bx21ZDrJq4UZTQHuiVTVrj
2otFRfxbCkytDG6v7oPrR7JqRhej5PsXcySpCVzCeaU5,D2i3nvR6c3UqVMx3xQBqFFkJj5sKBGjqAurq83DAcWdj
7mkr2BaLsRu3HVp23tM1USVbARKbawC6AWKDPAYAvbmC,D2B8mz6KUCTTS9gWT1y7HcTR8dF5VcwVuSG28etcB6x6
BbgTRsfwp2F2nR9eE3raNUGvXgraySTFCWyvvXz1GiwY,D27XJk4P3x5WEM3Hofj95ioTWZLCtKms44QEoca9DZA7
CyRzuuStoZQebUE4xQM5EUbvcHvMzGxgFes6xdRh9RiJ,D1JKj14N9qXn6oRSiS1tVXB8wFb5MogTMx2DYnHyZeHk
7BMzc79CGC76Sauf6dq9QWwi7uaUPKqd4XRjtoxR4H3J,CzxDCgJzBKLd4LBPbvrU4zMDaDFSmEczsmaqB9fthC3u
EKeBStmHfjFBu3RHaMCtZivjUvBwVmeNSoVthJGoXyEe,CzoNCD2UNspxjn4eTLLCL9Qjry3VFYUsPSJiMqxkUhdE
7hJVULaTstYMWWJJyr1JweXGd8PQCuMeqviHcAx8aY39,Czbm2obdSzRGAK6rAHKrwqCVGYES79iXBK4W6pxuJd3Y
DenXVLRxRR3yrXFzwMEpnuizCcP6YMpaN9jUdZy2N8hB,CzQpHea3QmQs3AruPB71wbLcLSjeZfFy7bpMhZeWSuWw
3ntkjbyazUeqES1giPpcGhzfyY6WRQoqkD8P2nZRpFiu,CzB5rieQqWkeHauhyg2yYSGzQBhA4WoX7x4bDytMddCD
7sJ6wyCDQqyWyAS2ZR1r28makjaf4mUYkRgCi5pDmfQY,Cz1knk9gidvS3jc1ZqR7qv65TSykXFxoom6PTUBWEsti
AwfDrFQYKfSjaCEuu7UbyDDtW5LBHwJLHo9viGLRKRk6,CyYSQ1D5b7hdECV1ZWZw2cgboQZGu9kbQ2ebVXxdLBZS
2SNNfXWa6iTMLJbE6UodKjPW5rXbiHaG5XG2TpoAh9Wk,CyPS1d1nuby8uKC76QDsnSdXaG1xh4MrwbVFBE3pWVrv
7mkr2BaLsRu3HVp23tM1USVbARKbawC6AWKDPAYAvbmC,CyGJR2i1B1TdJnD1LzHsWVXAX1J1hfMNUgyvoUy2PqNa
DtY2o4h6TZEtQAsV85LLLzLENWnowP9Zehk3Py5YNPfM,Cy3f5GkgVPvw2Qpbna9R4TW9gUK64eBqmD6W8HzYDBQy
3ukVQkntQ1Ydosb5yMrwA7xuDbbRij2JNSb22zYLWCQT,CxppE8AxiN3JvuwAF6Udo5y2jtW4CT4MhkSE3NqZnFQx
71BCyN7hLuj6wVvvWZJZg6in1RPGHfc3H13gQvt2jKY6,CwpducBNeGxQkuzpkk7Mq9WfF2WG2spmdsfkeLaWUUBJ
6dTJGqWv9b2mmRsNypKAVHJisFNg1ayJsgRm7XQR9eBY,CwkfAsVbQ5vhVEaWdvdaDeCK6Ke7bH482tNcJyvMxwqg
ZE4LyYi6TyjoEs4yPvGfCfXYAbmkptN19J7o5wPP8KY,Cwk88RZcwHrJfa1dhGQQp2SP3mwYaa6ond8Cxkn9nNNC
7s6g9JGg3P5vZMnW1NXqfCWMhz7q1ZYrJVaQL1CNsqmk,CvzAFJRSK1MxRXiGYQdQBbpWTv9tB36nL1XQopxHxgAA
9B2XQw3LsWph3uVhvJ6A2QeoR3L9vXmYropY9JXvzCva,CvrxGPav7PNviZvQ2zigSAvjLrmEppn6HuQNMrwssq9q
8iA7Q8r67NGJuULoxBThDAzMUKfFuuXUb6xEUppL33zp,Cvo1ATXhK3mKbQHmHwdyjNxeHQBJvpAkVSCfcXZ3Ehfa
7dy8heSXUKaX3nRLkQ69NetzQxZYNQgUQsCsvTeV8MVt,CvF13kJAM2mgo6sxYFosDx7DwA3qJ1i9Ye7euXaEGXQE
HGDgNDA2zuYXdPkiU2JCgQ2h8NThYFCTvV1Gp6Q2vyw7,Cu4UcyhyjgarTJHVC416nZspVcSrAFtrJbeUzNtd7FvQ
HMoZN3FEvxuecjGETQMa8EGPsCvibAbPfXP6h3cL4E8b,CtVPXCNYKm9YV8HDq3qY2T6tsndJ6ghygmk31puWMa8q
3ukVQkntQ1Ydosb5yMrwA7xuDbbRij2JNSb22zYLWCQT,CtR8XMotvHyGWZeN9bDYa2cGoE4KFcc5hJo8qrtqPStZ
7s6g9JGg3P5vZMnW1NXqfCWMhz7q1ZYrJVaQL1CNsqmk,Ct1bAwZPY6gM5qChQsmLUuzMa8msSdgm9Un1aNkbCvLn
6dTJGqWv9b2mmRsNypKAVHJisFNg1ayJsgRm7XQR9eBY,CswQ9S7FbwQrfbWXw2dGErECdsqbugr1Acqk6i1BuxfK
1BWutmTvYPwDtmw9abTkS4Ssr8no61spGAvW1X6NDix,CsrwiDRLpEp7mg6UN8GzxXSH6vvVcvhV8PEk9yXmrQEB
7dy8heSXUKaX3nRLkQ69NetzQxZYNQgUQsCsvTeV8MVt,CsbgqfD7jGnQCq7GmdKgC1eguL2LS6nUpu3Gtf8hSzHg
A1DZeL4TBtGvKb11ei4eBoAs1aRN9fB6wjgkLY8ER2dg,CsWmvhUdYeerYpNXQQDPX9RThN9MwJLEUot6VWwXqUwF
GmFonBFUe4m8YEmd2rNsjxFCV5nNwFwN5s3PT1tR4rev,Cs9r25jBjqZ1qG1vEt7FyfoaigZC5XosXmcPoJKC4Y1x
CS6YDhJ8AUWCXjzECA6rjeuLCq5PWncPzk4GgYPMJetp,CrsymHe9XZx6p9pzGh3MYCKgnp4TpHmTdhoCc9VkY7Bc
85YK84ReFwLbpjBf5Pd16XuSHasvCzc5WQtTdsjdK6r9,CrFHcmJ5QYFdx6FKvHAy85zrkcxWnewrybkLEG4nzP9C
BJxKjExQyj4tCQ6oodBqZiEbds1vWU8897iRt416N1cs,CqSYcK3MMmx3cbAj8R22YRm63Nt8TaWmPqkNLKEZjxW5
DVrZskzwAt5G7ijkvFhkpqheZSVgRrjcgoRfvLjBYwMD,CqEvAdXjPS9FGH4QwDzqbBBAdwWc8wVCgkiVgZwwaYf3
BbgTRsfwp2F2nR9eE3raNUGvXgraySTFCWyvvXz1GiwY,CpvgaLf8FWtYj4dWAuyHqZs4QXx6KLxGdhmkK7kf8Dre
7mkr2BaLsRu3HVp23tM1USVbARKbawC6AWKDPAYAvbmC,CpmiXQgbr4fFbEy5SUPKyo8u1bzwGUGQwHJrzVtNUBEf
4ohKBnA6HLNp6VXLHtBNtEH9JUb575AS7rJT1BFaKo12,CpXj2rBfarTFixUoQnkpvZdRPvsT1LBtZ9EA5wkcZTgv
BGgNvgCkmqy1sB6vrqZ6pF6me3TFjJP29Tg91rFaiL7R,CpDmrip9nYKC4onrxX48F6bthBJeh4pDukLPLqCepToc
7dy8heSXUKaX3nRLkQ69NetzQxZYNQgUQsCsvTeV8MVt,Cowks98T92wh1R8rwcsaGzQXs998r1UvWjdBHvah7Ztc
9B2XQw3LsWph3uVhvJ6A2QeoR3L9vXmYropY9JXvzCva,CoX8QaYk4bmPq4igo6EPZESVgZPdqdN4ncNCSu8wRDAu
BdsrCk3DRm66usFF37XnNqJWsCX8WPgwsZ6Nw9gxik7c,CoLyz2JzJirbCRzvjFY6UBvAVDsL4QPsLCqfxNrE6Hn2
5fPeiibACJDbQ2JZJNc7HMKHXvtC6KrnVJR61aANJPCN,Cnwir2DjTkr2YVYygYTsy2kWUCSERzTdzg87Dyjj7cHj
9xdoAzBMTQ27U8jQtHE6CjZvQFRGNpdv6FhA4GHRPdYn,Cnj1Jt51TqLgPhT3CeKJjwpfaxnsZHpCxmSKomTTmfmd
1BWutmTvYPwDtmw9abTkS4Ssr8no61spGAvW1X6NDix,CnhU6zRs1yQkpuo2HuTFDdEp9nxecfxveBHEo125WHwt
85YK84ReFwLbpjBf5Pd16XuSHasvCzc5WQtTdsjdK6r9,CnNz1m5rWu4D6dFGcCmhtbYUypDNz6k2KBUNV67VoB5P
9hHyGvPWZQHifTVikZhzu4wvHCHAbVny7WMx75YicbDH,CnJoH7cAGb8thH7Dv973E2e3JdLEmsY7oouEZKumCttF
HcLjc8nAUcDYE2cMduK8RtimBFVJJrCGaQ41ZB7QMFB6,CnHmSv73oPixzdx6UGQn9nam1t1ygZRUnJeqmYBaZPEZ
7WTTPMAHdx3YMLWd6wiLqshnVUxq6ADzxSDREzZNqKPP,CnHbyk1oCtg89iKDzhVcHdjnvRLqzsBR24dD8F6RFyUS
9hHyGvPWZQHifTVikZhzu4wvHCHAbVny7WMx75YicbDH,CnEiLQKEYWExyMoKeT26aRri3eMDXyDYmqmSDdTYpZJp
GEJ3zU94dgUcrac9QQF7qfF1w62toYhXYDKKCES8pXuH,Cn2buQYGSrcBP6n7MRBkW9okDHS7a3eBA5p5gehYUk6X
ZE4LyYi6TyjoEs4yPvGfCfXYAbmkptN19J7o5wPP8KY,CmYmEbRHqwBUDWmw2eqMkcUYmp6bnetMK9XD1cFC4P9x
HGDgNDA2zuYXdPkiU2JCgQ2h8NThYFCTvV1Gp6Q2vyw7,CmLU4tPuPi67822TnDNKE9omwA6FwTVXSiYvCS7gs2Gd
4YneHM99T9kgpbLbnS6ysbVvBKL4cLwvqNxvWyFXB8Rh,Cm9Aj8i5ZYXnFHSxrnz1VDSomMsFDPr2xSwXspqQBb6o
7mkr2BaLsRu3HVp23tM1USVbARKbawC6AWKDPAYAvbmC,Cm1pknfCRcTMuNpf1FRYMSMLJdALKTaXwTdGKGH12kgd
1BWutmTvYPwDtmw9abTkS4Ssr8no61spGAvW1X6NDix,CkGYHyfZtsp4dQ3sRKWa5v5KDcGznL5oS6ptWyKK5nhg
85YK84ReFwLbpjBf5Pd16XuSHasvCzc5WQtTdsjdK6r9,CkEsJqrD4sVG8qQCef54LZHX1EYJefhL7jjyuwWSoEK5
BdsrCk3DRm66usFF37XnNqJWsCX8WPgwsZ6Nw9gxik7c,CkADHLDzWfDb4dfrfyFdwn15hRehGYjmg1HqjNsua1mU
2yY9BaiLLV3dKjavpU3t6GrCLCv3HG3UYAW8XTKjh7p5,Ck3NpYWNVdCHdAHWAWQy5gimcGfaQmfNLRxzUg91bHpL
ErvEmQWHfnvJX6D5VkPQorEWKYf2kKbVBemXLq8WzbKK,CjMJ1YSMqKqsP6pVydheKGXNo4V7FtrVjfYHbWxMeA6t
9vGPfVZNhdUfy9iRrMg3M9uw5zhPdEBwCS2qrjcPhbEV,CidTmcHiJ6LG15ATTxQMUm38JPeneXw9fdZ8RcmK8KD4
HjhaWHdqskx7WefK1erGUtMvMou6ANDASJ8PArZhH3cm,CiaYSDtGLxHNG8F7meh7cFQvcjEDMYcF1XyReYP3inKW
8qFtBr2L596BZbtHwoNGWjKPP71VVb4PRAGj4mJknXbu,CiNffgnsy58NwMmtaQUjcWMv8NVzBHnudk7j9QTiHco1
4UFEsLDFEvor2m5Sdoi7SagboDQKWw4VeQr73dqt9uoX,Chw3aZJA9m7b3mXekGAo3mWERVoeuDVWnn4Y3bBFyuoV
DMQDRP98vXPsaXCG2F4Macu8jGt7V1c1drwEESDSuygJ,ChszEsDP87zaHm7XcXk29Tk43fGtGrR6hFoXjHCn1GQa
ExEKCyhJ54KFngHcc8J4Q1ftxwrv5tbfmBbaVxp2dSkE,Chge5fBS7q3MSDbXsJrPZoz8mLQxZ39b38D5ppvvptXL
4km6hEMJHYDy8A4btD1YcRta1wrNxRUyES1Z2724bjzX,ChV8FpiaowRra6atMiTWgAMRxuLnNfovQrXiCsQvRzbs
ECPQGL4oXtuk7HCraTcT3j6wS7yb9jn368un6JyWkrJi,ChL5Cr2uDyCwYeag8DkuJCBsh71YexfCStS64UjJKxkK
APMZny84AZDWCY33trBMF9noxrLAMRzH8Yanau8hn6Fs,CgxW277QT527fivc2SrnkAJN7HyuBSYUtAFBHT7TDZJp
DZGyo9uB61bXihsKNv2yEie7XuwHqFwAnoPxqM1ML9yg,Cghe1EMCP9eVwYtukkurnovUSd4w7kyhecZ8ZWPFV3MY
A1DZeL4TBtGvKb11ei4eBoAs1aRN9fB6wjgkLY8ER2dg,CgeQaDsokyKHJSHDPYer2GnYgJGqjrcVcXVdcbEhwDMd
1BWutmTvYPwDtmw9abTkS4Ssr8no61spGAvW1X6NDix,CgEcLc9auuE25c46u44ag7QxCCtQg74G8RErF8PPmvae
E1Tx5cJQvazKcwXdfCoaaqpyBncfSGXvfCsX6ppPnGzN,CgAdPUu7X6bLBgJhcjJ7XuVr72JNe13HLjkC73YwJdTb
A1DZeL4TBtGvKb11ei4eBoAs1aRN9fB6wjgkLY8ER2dg,Ceo6CRghwQMeGgYZFkVMTjFg4munYkt8YjzLGnzcH3xr
45G7G5Sru3jfiWY8VtUXBJGtyFMuNnbhGRV3SFuyQGb6,CeQtfhSJbY1cCPFLda14r2TBSjGXecZcbaDChJ2bMqpy
Fussy36ocKZWXPY7qaCayc1A5tSazhhAPtymckEP4Kkt,CeB7hV7XhHD8FdSVaVFAJXQRSNZLjuJ4AGH5HAfpmAby
6HZ5BjrnLRkxC1V5E8mW2t9V8SxPhzz1RM8mBUQxxQ7Q,CeAJYCrE3q4umtmv2mrnGh1QwptPbE6jDfsvTbjQ1Hk4
4xsJuLwBRgqtgfgVsiZhu2ASZk6GyN2iJpmFg3udtPA3,Ce1LWVFh3etDutcomgP3kvaXUXoj6brqiQTRS5jdFv6r
EgjxHEE8zi39tVmEBUDx7vqQdpoDBYE7mcMQ16dKgpQQ,CdorUMErzfwtSkCGv7UbaGqYqjgr1qBQrMBb82tWvvUf
98x4kCEBreSSi1bLccGpsyz6oYWSnsrXjgEu1nxHgVG6,CddQJ1EDTn2a5EXHCoN3nTmqR4Ku9YJn3qRNMryW3E8L
B56NDdqVevb6K6aV9QwFkNN7VgNY3ZdjwMMCKSHZzC6L,Ccpr9R9dmt8wXhDjKuLSe7HtqxLoeT3Zn36JDT3DN3X9
DZGyo9uB61bXihsKNv2yEie7XuwHqFwAnoPxqM1ML9yg,Ccob3uYNYXWRyxBEhMUuUoko2jQWNxSM61s1r1nAaBcQ
6dTJGqWv9b2mmRsNypKAVHJisFNg1ayJsgRm7XQR9eBY,CcYnVHFTxvA2CYUGWrmD4EMA9iKKcMMWNBqVdwradNLF
HXNLofQmYkcRLrQ6JCNVycCbfGoV1fa3NVk1tKL1hNvr,CcHBehyNLA3PTo4C4qfRRmgYuLVBmjsjgwNPSe83d1LS
7mkr2BaLsRu3HVp23tM1USVbARKbawC6AWKDPAYAvbmC,CcCFyNXgjpBbfZCDLRAvi5jCKmQZsYRjprArT1EEABxs
BbgTRsfwp2F2nR9eE3raNUGvXgraySTFCWyvvXz1GiwY,CbiAo4j1Y7DemF4g78gSYBacUjZQev7a3Hi3nnLLZweg
57Ccm7yoa5YKVXehJHAQ8WwK6CXc8RL87gG53xYdrJex,CapYLEGnwDupvA2RYYyFtYwcKBeXDQB8cvMJ4x9oXACw
3ukVQkntQ1Ydosb5yMrwA7xuDbbRij2JNSb22zYLWCQT,CaHS6y4sKSgJK2upxtLqxuZU77iyfUVSTnk52b8UfbJ9
ExEKCyhJ54KFngHcc8J4Q1ftxwrv5tbfmBbaVxp2dSkE,Ca9cZ1Sn3MeQyTAaEGZfrRQttV37VnpSvojZts6Kganp
7eU5LsrNgRAZFPV2tT1murhVyXP4LXt3E59bagYqPY6D,CZutMYc3R9PVv9axduJZn6MVJris85C7Chb3yDAhmfHG
7yEKqyfRMMw7idsttmkqXp2Jtc1ooDgT6aZ6jm3Vmqgn,CZoAsPMChbXhEGcMYHLhVyBEHv9w87as2Zq2EvGEDDXX
DEoo1D7gLk4LWtEeWhMCvdpNV8ZvAB7GwPaSAccaxQZx,CZWRpZTab7dcESbtCx9m3icGFhoYJDTpQYHTN5HTpPX9
ZE4LyYi6TyjoEs4yPvGfCfXYAbmkptN19J7o5wPP8KY,CYLtqsFciex42sCqkEMeoXN1BrcR8pd7yXajoaJnEy8L
5Mic1WZXEySfSaeghLahBkqbS52i35vwmG6eAPEc3oph,CYAVAyZnqxqwjh1BDJkZzAi9D7nDMG14fEp7tkifS4Zq
Fnh36NncPqrSnaYYY5mhsuZkBa21Ad35V495fpWqftvM,CXsW9GkKZU5YEj4XphLF8gTQWnvgQYJiXdzQweFb8hoe
1BWutmTvYPwDtmw9abTkS4Ssr8no61spGAvW1X6NDix,CXrhxSu7Fke3gNp4XcBGJp2XJQL1AjafLQCcW9oJzA4B
DZGyo9uB61bXihsKNv2yEie7XuwHqFwAnoPxqM1ML9yg,CXY9FAzkRBysZmtaTCHu2mdMe5nommHCd7PDgvgXbiyP
BGgNvgCkmqy1sB6vrqZ6pF6me3TFjJP29Tg91rFaiL7R,CX6Yqe8a2HjUQpNK74P7wmvKc3MXA2fsUsvwoced9D4U
6zD1KzktQB3czMBArahYph71oPCnngRpKGmenXTDwksg,CX2u7UTiirFzTqm2Gv8XfJTqgLYU2TK1uD2j19sjaZ2y
4zdNGgAtFsW1cQgHqkiWyRsxaAgxrSRRynnuunxzjxue,CX2ZtjxfXdKUBwNsjEdhLhzQTXZgNdUsjd4cktPKFK48
CyRzuuStoZQebUE4xQM5EUbvcHvMzGxgFes6xdRh9RiJ,CWxTpqDKuqRaq8S1KdenVdHf37GzZXb7itwMZqwMVC6f
85YK84ReFwLbpjBf5Pd16XuSHasvCzc5WQtTdsjdK6r9,CWvBEeC3pum73NNz6eYgax7MLWfqwDNXfPx9JiA5BKHW
4xsJuLwBRgqtgfgVsiZhu2ASZk6GyN2iJpmFg3udtPA3,CWWjYFL5tEQ8iyDFWxKh3GYbmvwrA3d74PF9CHaMoweG
A1DZeL4TBtGvKb11ei4eBoAs1aRN9fB6wjgkLY8ER2dg,CWQAujfC5tfSuTzKbMW3JTvpWakumHanq4Ax1sF6RNEG
9DRQpunpejKwU5jVvFUm7QGmeNjyaybvh2s6CkyUUT2T,CW2seJSB3kKv3Yiye4x6r8bWViJr1X7v3L3TZQWPQzrY
DmsFcT68wqampP78Hm9E29DBLG99FuZJJmZAYw34uvrF,CVs9D6d48oo5T3PsN8zJVkT5Adn4wopjZC6eWL6yBxJZ
4jNBHhQcvPYZDvdNqg2T9QzQy56ZStdFCn8wuidEpFbJ,CVTUJw1uVsbmFhxYmgGNo5JVmNVYYTmDX2NtgLDnEfA2
5f3vSBHj3anAdWRW58eziTtCuTS4pEnXWZHWGBgLiesj,CVPrwVanr7b8f6RgjUbC3jd5jnit5n87j6SDtn1uLT5v
cjgXYtBG1N91c4nktMvg2SmC3nxUpGXr5JV7FgcZw9W,CV9oyGG7NX2wb8vzzcUMKwoZKVmR3pd8QVwzJq6U95bJ
6qjgr83UvGaVym4fA2Ms2BmzbzxiQN8MwGZsFjxZRwpo,CUr8wALv9M4gkhbyaU37vUSSnJDUq8UvpBXrWn1NJ3Xa
GrE98bnFDWZeXbu3vHaVc5wuN7uTGzfCbULNqnDseHEo,CUqXwMwbuw6TyXasAbCMsX2e5pB3gmx1jRtjSnWDKkGT
gCv41sQZpWwVx7K8ec8GqtMqVqJBkmb6p1bXwbNZEUJ,CU718S1XfujHEP4xJE4dSH5uPcaAMnXCkJFVkuMz42BE
57Ccm7yoa5YKVXehJHAQ8WwK6CXc8RL87gG53xYdrJex,CTxFWdz6Jf5dDxvgwrA2FzSi3s1Gmgap3PA1mUZgTGPv
AhtFtcrA3MH3xLhP883RM1LxfMAEwqScdJBFTFtswS6w,CTPA55HXwYXe7JdN8vMRfW6i9gVkxUmVd8bmv46zz9PF
gCv41sQZpWwVx7K8ec8GqtMqVqJBkmb6p1bXwbNZEUJ,CSVKh8vHXoZUEJxSPfq5HGdaeQxGmMSKuV1rwGyyFnps
85YK84ReFwLbpjBf5Pd16XuSHasvCzc5WQtTdsjdK6r9,CSH3p9yNuwCDwnRqZ6uzUrAAvYYUkYdWzcZ5kBN7iKBS
BLjtsrixbNWyDd3w5z33wyrttZ5MoqweSsnUJU9CBknJ,CSEKCvu87KArQSmL168BwX3ZNTusXNAhtsNdKqBcdHfu
1BWutmTvYPwDtmw9abTkS4Ssr8no61spGAvW1X6NDix,CRUah19HXZmMyHLweRw68pDybq2ZSnH9q63gwBAdRz3h
Dej7cTbx6acMzXu522jTBA85s7arpp1iopc9GNKUFpp5,CRHT7r9VdokbQNHVkfxuphgcPRax6u4Fgjwgt7vJc2bc
iCgittSbtE5NecVbUSJNQLNu9Ln2gaqky4n3uo66GzU,CQfYghGnpUgUPFpQgwuY1DQYoQ1hZ1YMsZ2GxkvhhY6P
57Ccm7yoa5YKVXehJHAQ8WwK6CXc8RL87gG53xYdrJex,CQTNLCCtTJsU1kxKX7DHniRz8F1VKiNpWhjKmqxKKfoh
Fx7w2we9k1GUG5ZidppcRKJgYmT2ZZCNMGnwXTrNXCCv,CNUJPVE3wBDAVdsNf3MCJA7HiuWciBTuz8gUULx8LddR
H3QPHBTvT9j2DNpjYUorppuxCXbAEboy7NC2zJjKRxvK,CMz8o6M8i6FoTRcfyS62rbzY2eg9UwDZVAwoRV5cidpb
8qFtBr2L596BZbtHwoNGWjKPP71VVb4PRAGj4mJknXbu,CMHg5fVpYdNFxqQ9grfTbH8JU3PE5m1PhaLMSRL2FiKF
DZGyo9uB61bXihsKNv2yEie7XuwHqFwAnoPxqM1ML9yg,CKmuYWkC38rszVm4Bfp1uCeRrKtuZuwT2mggF5eLyLtf
6Fbip7vCAkZcPTc33Vt567btXKmPSBqQed1B9fPB2eEw,CKV2Ke1f4aoFgQRQiMPfRfsvhnUC7NHF73Y3BpZb5Me8
8Q4fYfyDCD9vHBxYqdFww32SBSVWFy3N7mx5tyyj5KZb,CKStxa7uQb8LV6Va5vw378U2Bk2LUjSUPKaxt1aQYyN4
2SNNfXWa6iTMLJbE6UodKjPW5rXbiHaG5XG2TpoAh9Wk,CKJktWpPfkSdhCca8cEkYiRVHXNPmNfSFEctBAyNrqf1
EsB3JBHK9ZTCxBs7jT2eJZwEUhhCmGC7dUgfnDKUTCUd,CJdhVsFdYpUFH8JP6QaVP5nUi3VioYjxWQg1ZiqMyvfZ
gCv41sQZpWwVx7K8ec8GqtMqVqJBkmb6p1bXwbNZEUJ,CJRfkrQYGUBSeA1MPhKHavK6awAFfMeWbC7gke6V9Y84
DmsFcT68wqampP78Hm9E29DBLG99FuZJJmZAYw34uvrF,CJN8gHM3bv6MdvrCa9Ffph8EX3DVPQgjsGjw1jKaiHFd
HGDgNDA2zuYXdPkiU2JCgQ2h8NThYFCTvV1Gp6Q2vyw7,CHeMmoA6tR3jwhCMkjJue9kKSmyeAQDngpNC7wQj8Laf
7BMzc79CGC76Sauf6dq9QWwi7uaUPKqd4XRjtoxR4H3J,CHGX4G28XfGNGfNK2xQTLeXgLdGwC5hHCUN7FiFruR8c
F41EVDtEEQLjG5PNiKMb5fWHAsEizXpg21UAZda1UbsT,CH8haMf4Qr2ruWviTNZrJhDu3gB2MMbKLWoeCRsBRBRz
31FTgftgqfBCbtxn6Pqxp5Cc1xMw5oidupDE9tvcT6Nm,CH44XUb8vh6D3CKCxhXCqNVMov7Fgsj8UfLyn46SAZR9
6dTJGqWv9b2mmRsNypKAVHJisFNg1ayJsgRm7XQR9eBY,CGKnu4HF2DV1iHigsAtXwHpCQfocYRoyNtNTrSF3dAww
8jf2oh46XVfatsquSLbkEwNNvL6W9w7Fqu2L6cefRrHP,CFLPVUNfuwSoPXxdMsHQb1dTQRoNRMS7Ky7m555eNvKJ
CtcZ3YLk2JNwtBzexqxhYckCHfFmYPeGcEE3iL3j3P8v,CF92XxH7no99eXy89TAAh9eGpvhgJewnmNXKLApjuWjT
CyRzuuStoZQebUE4xQM5EUbvcHvMzGxgFes6xdRh9RiJ,CExpuJVt1g6EVx6NQ18g6veBYqwqhhba9SQcH4GSJTNU
BQGH6A2bAXzXsHNgKyp6vvGDaguNTShqG3QBmnzB2atj,CEmRnYuNW1BtFPGUDLSGNmrMkojLnvfcyiDNdVC15cTU
ECPQGL4oXtuk7HCraTcT3j6wS7yb9jn368un6JyWkrJi,CERVwZPn42VeshiuqxahozV7ttDiccjjX224Lp6JkCTy
A1DZeL4TBtGvKb11ei4eBoAs1aRN9fB6wjgkLY8ER2dg,CEPnaHbBS6CagdcXDNwWXohPLhraX1BPvi8YqBBkQCuP
7sJ6wyCDQqyWyAS2ZR1r28makjaf4mUYkRgCi5pDmfQY,CEKVk4Lq3A6cbawinyzKpyKrA4xWWzNrsRvTrcHAqhWB
FTrH7Q3jJ2gkPwvpgR8KDGtmewRbB2RKBeKYaZH7hiNy,CDJi7E5BCt5HThT94MMdLYRHDpmR15Ep6XNuWtV5wRFr
8tK2wrpPnU5UtCzkh6HmcxjsiNq4gqJMdNrEwgxSc8WA,CDCq8pqHTGQRDd2dEcAjGv2LwHfWezwaVeVpV7swPzUG
773aDzyDLsTy4VtkKX3mG6Umdkg34Xk8yfdtTTpzDBf,CDCjQSfeb34P7UnHRLjKGfpoJeLZ1G9BGorLRnGZruBw
7dLXpRxX3pZw1icH9P7AxBC8gN1efkwSJ9Gt6BVexhL7,CDARHVXoaLd1i6MrYrU3Ck5TCD9PQ87fyyHJjbHfZoUo
J4BKzARbSSrPYUn417JsSRnHHwNAKf6YVeQPpokaYMnQ,CDAA7G8oQq7JRAa8dNvP1Tw3ruiVBF8gZqu1LfN1z8Qs
THthoAPa4rKqfZLe7oqzW2G6BiQoAuyw4Ty7GK7a9WG,CCoRjtkjt3xVNTTAkxVEfRWGMfK3EVvDWZ9SAWWeiy1S
C82C8jRXM93upcqzK4ftDfdyfrtqfmNEiW5N11Zzwyrs,CCn8S9jXmouFYuVgXFHWUPjstC9JoMqqTemcUUkEQgCL
EhzXqVeyjG7L6PW9A3qNWaSyLgQHcfVAwQbT7mnjEm8e,CCSVfVx54RGpV7oR67KBrJsb6zka6tXbrHmWTs1BRDz6
FgY5QcnWjWresevhUqW2uWyf5KigzeLd4gsebvnVWpyf,CCHfqJKbYdt33vxeZduWVEZpHk3EJ6XtLfk4unKctzk8
1BWutmTvYPwDtmw9abTkS4Ssr8no61spGAvW1X6NDix,CC5fkx4yDphxNDUPVxrvHfxAvkAjE4j37PyhvBYxQshB
FwFtPwoGEoSfWhSVcH3PjTh4RuRR76TBxWpJynMg95KB,CBvzjcZr5pRmkQFKji1iFwuZtxktaGmqCYA6ZuaA8bMF
ZE4LyYi6TyjoEs4yPvGfCfXYAbmkptN19J7o5wPP8KY,CBh683fHbvNcvUxsgPsVmjyCkyLuzkTRMDMRKinAVsf6
9F91HmFYbAfMujt2uRAtV5vKRRC7GwJXuP1aBs9J69Yw,CAr3sfEUPEi8LeEJ8YuWy3JupboXwJqiPTT4g7KyanJP
8kxXmJJiBFosC8qj6HSu3tjqhD3gWVEdN459FWb1skGK,CAj6DPoV3T79qqiS9htZ1WDCA7JYG6TbtptRHbNLWXPb
AnuJCWBAkDhgNS1PjDNXSecnpKFkGPRZbbV81NCZ9L7T,C9x5DMi1RHMoKSdqqf1JHk68nbn1QWRwXLVoJtnyY8L7
7dy8heSXUKaX3nRLkQ69NetzQxZYNQgUQsCsvTeV8MVt,C9rEGoCeHgFfoUPwsWNgnTuJq7Cbf2AR4A3wrCgmfFNQ
THthoAPa4rKqfZLe7oqzW2G6BiQoAuyw4Ty7GK7a9WG,C9jdd2rkasP7TCBtKnD1h48xJhSeUWKXx9HUL5LXBfmE
EQq3u68YbDKVbReMsMjYfXsNN26zW8gAfVV8Vg8qRqQG,C9StF91XPsjEree4rJG942VRv3kcrDwqseHVXo9GJWDM
GCpdCyDoga1UhbKFk1kMBnDhhHWZJiXWT78CSsXkSN9p,C9Au8u74iEuyfRJwBL7SiQsDFfkAjSaBPnzwRZFxBZGo
ADCVvVamh4VmNQ7LRkYripx45Exp8ymvbGKKC8R18pio,C8h8JygZxxLsJmYgYK2keYjMfV5CZduv4ZMn2cv9Awt6
7mkr2BaLsRu3HVp23tM1USVbARKbawC6AWKDPAYAvbmC,C8efGngPU6qpYKpaZv757p1iAANpy9LizFBbwXoLvGMT
ZE4LyYi6TyjoEs4yPvGfCfXYAbmkptN19J7o5wPP8KY,C8d4LEsv9fUtzepYqNcXXGDKUKAe6DmgbNMoThg7BR8K
J48S25rj1udxC8rydzCq94GkqHMriLa3HKCxJodujRdx,C8ZBi57HkTXnGjUAPTE1sK1k2ixLgYQLnP6DBNQrzCbB
HMoZN3FEvxuecjGETQMa8EGPsCvibAbPfXP6h3cL4E8b,C8SEr6fhaZQJoznz5Uon9sB6HiHY53jxMio9yQ8MbHCX
2dpobpzy1PLM7hsY16YwX6iM9xpxfh5DGqsY8hYBsfMm,C85Q2Zj1s8qtZyT7AesPG2YH61aoj65sGpz3nFDBWAjs
9cJBcFEy5hpaW4zPUxpKjmaPMNA54BenRCC1z8GygFY1,C84hGoE5v29VciC9jrSwSPb9rQ4foBB23B47p2EjZVze
FgY5QcnWjWresevhUqW2uWyf5KigzeLd4gsebvnVWpyf,C7za1Cy8Cx29k2mKQ7ECzCewCgRq1NHbRr1Ke479ZTLy
APMZny84AZDWCY33trBMF9noxrLAMRzH8Yanau8hn6Fs,C7nuopVPporMFTCymSvbYNhUhy7h6nyQhLyT48wfvUCr
CyRzuuStoZQebUE4xQM5EUbvcHvMzGxgFes6xdRh9RiJ,C7bUzrcHVsjLcHAE2hFrnrAWPGW3sw7LPNdCATeN7AaX
CCutrzdqQw8RsFEbAWNrLachSy5umQJ6f1f9rqXYfyMX,C7FdodGipNoy5zu1UhAzvCGTiBJYrWSnetsNQmCbfBuq
7aLXJFAe4Mvkp8KGeeeXq87L5xqR6EMD1b517xpF59zr,C5k7kzJvxF8t2RHkcn4LvtKJaDmDP7gaEB1ge2W9nVna
6CavKwX6DhwaWvAq96jMmkZo6YnhsQW2WvW7nrUCzQAi,C5iyKzPw1EVYRwJKeFsGt6fFVrPANybrV2fiLinB2eUu
1BWutmTvYPwDtmw9abTkS4Ssr8no61spGAvW1X6NDix,C5TPVKy9CMi66NCjZCy5HNRRGM3jpsgUmrUHLdwmmVGJ
2QrK5zJxrSVefurcnY9auLz41Ta7bPmsSynmzgg4Vz9M,C5KsVSLeixPyinSh42H7J1sNPHtyoBdzWCp1Vheegm94
Hd6QeUeWBDCafLuNzW1BSEWrdUrYHyMhLCPnZen55GH,C4UNZ4ne4ZnAfUAn6PHEZQF7q5VmXFJJ36zN1vzw2Yvt
9xdoAzBMTQ27U8jQtHE6CjZvQFRGNpdv6FhA4GHRPdYn,C3oDwgW18V1xHjR7C6MMDraf6Nrz2mgdaVh72RPULoq5
85YK84ReFwLbpjBf5Pd16XuSHasvCzc5WQtTdsjdK6r9,C362aF26u2rEjSJHDA86tYzT5aXBqRnLBsAyKF2mU22Q
9B2XQw3LsWph3uVhvJ6A2QeoR3L9vXmYropY9JXvzCva,C2tY7KJzVKoYkLyc7VGbLbhX2CL5kRC9FHcXZop88zTH
E2GgVPEKwKj7gkrNtggLnKRsoQkBymMimQBprbDDqwQN,C2LJKXRRCHvenNrbrsBKpu9cc9BBT15HES77vMrTBp4E
3ydLMCh1Zg7kesdMj9HibPNmHvVhUWimsCMvdK2y7JNZ,C2FGeRRNZkqqvoQ7CfKaVfevyfAHFc9jCnft8r2jYhyr
773aDzyDLsTy4VtkKX3mG6Umdkg34Xk8yfdtTTpzDBf,C2DFfRn1w3MHE24akgakdd7zGUMdgqzNeLMiJSd1SZRX
CyRzuuStoZQebUE4xQM5EUbvcHvMzGxgFes6xdRh9RiJ,C1o2iqo24zNG2SoWdABs7x1cZyTANn1dxgKvSjSjZXWP
AotZMPb5Uq2f6EjXQYw1nRQC6RdQKw14DGfWpZt12i6E,C1kKFzHhUQpaSmRRpqkSHVKyyhy5G4pfjQJSxu9i14pD
FRiKTTtBFCraXxAdN9WbE9gHsJHauHzLKf2t53xiyFRR,Bznx8kU9FKYK11xG8H6jYXhMCYb1aZioWFgyudAYFRt9
BbgTRsfwp2F2nR9eE3raNUGvXgraySTFCWyvvXz1GiwY,BzNQPgCmPZdU56tsQBhZJgc9htQJRGC2hCGgLLgQpqZB
93WguHj85ibPec36tXPB85dUUKS34uSq43CxEqgfe5ig,BzBjC1aMhnhw77e8bYPmWgHaWw1MW24qaSnLSjCqcUj9
3HpsMQv5vnUHW3Pc8sbU8U3KTGVd98Aa6pJUu7zgQwzU,Bz3mCvCXmeKwcb5UV4XkH9FUL2QGo6Ftu7Z8391GCm27
77rCaJUV9xsJH7kB1x67meECUjTB2z5qPZzWnjafeK5M,ByW3cFonojHbyWDMpoeJRxhUmnw2qj3yTu54rbqfkmUy
ECPQGL4oXtuk7HCraTcT3j6wS7yb9jn368un6JyWkrJi,ByVexPhQcLGqyWoe6NeZkRfPZea8j8aCkumahzyobUZ4
5RRzt5impbDhzGepEZj44JqTu7o6NmXNRKSM4rSQPX1z,ByV6P9rGMnha5PVhQKE5aa85ocNf5jhcQjUWJF3sQkLt
5Mic1WZXEySfSaeghLahBkqbS52i35vwmG6eAPEc3oph,BxxPPqZNooXTtCKNh5VCKnqoGzCUEmmMAQ9HboAwyEa3
J4BKzARbSSrPYUn417JsSRnHHwNAKf6YVeQPpokaYMnQ,BxMLKHDg15E4QxDmD2ugpSRYtQHTUN3EumyHJBktbL2t
FRiKTTtBFCraXxAdN9WbE9gHsJHauHzLKf2t53xiyFRR,BxL7XvvChZFQDsqTmt3cjtZLDwwkRf1k5UsdEU8eiTKT
5RRzt5impbDhzGepEZj44JqTu7o6NmXNRKSM4rSQPX1z,BxEzKogsCg362s9y3nmP6adrSyzRQCf5FPJ5GGi9b9kM
FBUfSHC5vyH5GYiS8GVnnhq5vFXBxnurDn5j56TCjfdv,BxDCtqWMWcXDewq5QaCxY5iLrYfR3z4i1FjhJv8mMRZ8
ASF3M9SXSmuobEFg1uk2P6agRdkMWSeoCYkZu17rtnMt,Bwv8cPkNeKD1pEXWuJLegjVsG5AnN29swbspW8RoSv9v
DZGyo9uB61bXihsKNv2yEie7XuwHqFwAnoPxqM1ML9yg,Bwu9NZn1okPTJ4LE8NapUBw2L7cF2CnN4eGTegVRh7rX
HWm1AtDGUmtDANmPru1rdkArWZMh32jMwsED52kfXBLk,Bw9kFVA6BhQtV1NPkhfqb5Hkvi9fUP9rPt433FZcSWm5
4bRKJXY9EYJckgyJuML5wTfpxYMoujn67HnmMZdtut7w,Bw9ecrUr8PnZX3R3bTWrCccq8eCrhq2yf4hJi1dToFUs
5RRzt5impbDhzGepEZj44JqTu7o6NmXNRKSM4rSQPX1z,Bvv4Amiof4dsu3qdTtMgKN9fAWPCM2tr1nBzumf9AhU7
DenXVLRxRR3yrXFzwMEpnuizCcP6YMpaN9jUdZy2N8hB,Bvsz1BAYpeTgCRZViG9XxvYNQA2yc2DPBRJHDVuzB79f
5Mic1WZXEySfSaeghLahBkqbS52i35vwmG6eAPEc3oph,BvT8vKuAh6d9KJdM32yV25UynLdUvnzEc4o8Stpfyz6N
6qjgr83UvGaVym4fA2Ms2BmzbzxiQN8MwGZsFjxZRwpo,BuirAjd8VdzezpWBtXdfSnX6T1QRwykL7msdeu2JdJ4A
3sjQgWQPdceMoWM34HSEJKj4Who5GXPkZxCevWMZm8aa,BudAdLobQMxLZyZBvDLjjRGZ8cGy8uukr8gd28iwi1ka
C4yo35zPv7x1MxRpMYeDzvAYYsaWur22mrZ282b54ySM,Bu446ccNeFZjrXWhNSyy9FMagn2Qj72rmnRPoE9C1GsB
B56NDdqVevb6K6aV9QwFkNN7VgNY3ZdjwMMCKSHZzC6L,BtDSHyHre8eoJK4u1c6xe3C1QeHicxjU9ppvSHVoP4zs
EDuKpEv7j2oUxH1PZiAyajBk2VfQwR2RiFwE9YQ9mSzR,Bt1t7VWmQXVHiL6LzX8aeFq15Fv5ZVXzD5yS8yz21957
CyRzuuStoZQebUE4xQM5EUbvcHvMzGxgFes6xdRh9RiJ,Bt1cvNfJ7ccgTzwZXsaYFbcAKwoPUWebAVBsxigEy8R5
GQ9ZVXq7rBiQExQxC3Xc5q9X2hdd96ULP5Cpwqpbc6KF,BszSHtxK5BDT6Yk2tRfxovrisv8v8twrzwfNx16fXGn7
BdsrCk3DRm66usFF37XnNqJWsCX8WPgwsZ6Nw9gxik7c,BshY6fygHGaeUWq8feTY5h6BZCVPyv1eHEZUieX7bANL
ECqFzFZGoyRkaJXqL6tNvkCTmnD84dXe8wbudM77oh1A,BsbRHSiHWWEbFHNc9U1dLStPhWTiqVzUEe51iKYyaxcT
8Q4fYfyDCD9vHBxYqdFww32SBSVWFy3N7mx5tyyj5KZb,BrrEroRPYu9qzKWqHEi4oxfeLi8DrcbZyLEy7RtQZkDA
3jY9PfKLema2fw4MVg6Sa6FGnJcMwZH8u2WLnHEEkLmp,BrZaL8wvW6NiPEBGuDaK8DbabL1S2kw8QEudRLKvTkPn
BdsrCk3DRm66usFF37XnNqJWsCX8WPgwsZ6Nw9gxik7c,BrFRPtJXrMdeNvyuV3aSUJoxbYhvMrA6AofNmd9X5PQp
1BWutmTvYPwDtmw9abTkS4Ssr8no61spGAvW1X6NDix,BqcwHJeKQvScvWf5StRJPytvpmNHmas7eZnUc7dNprmf
GFyEUsJxqDmmPuB8cZX4CdFEuW9Xo7Q9jC26zFVt9Mp1,BpbNkb1rBkxUhMDZzcTVDhZiysiT2WWfsM5pH8SHKbkT
CyRzuuStoZQebUE4xQM5EUbvcHvMzGxgFes6xdRh9RiJ,BpFp4nfnDNgdWysUWp6gq3xmHndq37QG34ouJWcGSF5H
FRiKTTtBFCraXxAdN9WbE9gHsJHauHzLKf2t53xiyFRR,BpEKfGajPCHmmgM8KbzrwhndLGrzndqgp9BvMGyS2U6A
ASF3M9SXSmuobEFg1uk2P6agRdkMWSeoCYkZu17rtnMt,BomUpwe9SrEwZ7GC8iCY8qepXusYAKe4A9i1JoQ7D3EV
D8RrkZrDqEavNEJS4aNU3AUKGJbRbXUtYHifTQNnMGuN,BohQEjwANrzetDHVmucsFKgbVdd2DkZ3CowNEkrfeTAj
6dTJGqWv9b2mmRsNypKAVHJisFNg1ayJsgRm7XQR9eBY,BoTrx1CTo9SVTrWEkuwj7hmpWSVDtc97Qozh9wsiJtsm
BbgTRsfwp2F2nR9eE3raNUGvXgraySTFCWyvvXz1GiwY,BoGAfWtaWRvRcuDcTD8VstekfrqcUSicKUzoQkzNHCe9
vCGmz9PjfTrMh2uK23RkqToZ1Jn2yc44D5KiVNaMt9S,Bo1k9sZp2RuzbTxzXBmN4Y4PGBj9wAkZaUhEktREq3mw
Ep8RPc8jdNDY4e7f8R1WHcadN6jt2j5M9j7SEwBGKm4h,BnyUaDwvGGqXwYmRymfF66g26U9t5qqDj9L6twY7hjtJ
7yEKqyfRMMw7idsttmkqXp2Jtc1ooDgT6aZ6jm3Vmqgn,BnuWWszLiEjBTQWgffqaVDjUaexR9sKRSUvVYC8wueLM
5KhLrLWWEeaW4FTBzu5rU3Sj8YQooAfTriHWbdiKmFfk,BnXrGBc7cQrkYxSn8gRdapN5dZ5tZ4qNKQK85kHYz4mq
GmFonBFUe4m8YEmd2rNsjxFCV5nNwFwN5s3PT1tR4rev,BnVu8bzFgF5FDkFab6q2fbLgxRCGB82hMEtMwf7vopVJ
6y1y3iLYjcAyhoSyfsUNivkWaQ9YcXoXDAt3NQ86S2R5,BnSpr7s48krjCGYQWCRBFAjzXVqXBW3PprzC55TCXeRR
HcSsPqbZevRR6sXfPC4ebbRoYD1391rL3iCK1cjD52QP,BnMgT39US1CmmdkqUKiUakLp3wHGJAHHVdXVHt2xsMG1
7QjpEYTntTZzdghCcE6hxKK1BM3s1Kyrtq5NuyzVE6sk,BmbgoK1sNMCh1nFKozvA5H5TXy3G8zpdWxGn4NZWRX4f
BbgTRsfwp2F2nR9eE3raNUGvXgraySTFCWyvvXz1GiwY,BmLjFFPwPVwPiucZJhrroWaXYpP3nwDMgJFcJtZJ33NX
Cp9V3qLnjjCH7SNrEAtjqywqeztZKpXckDK13BA3EBU5,BmKHFWsDXat2gGgiPzgybYUwymXTy8ski1WxNtz389bg
3NLk6VxaffdNkshjWDix4UQ8iBncNpWdfGQcvfC5v6Xe,BmGVbG6pvhnX1qDQ7Zob6xCTz3mvyQM3SkQnDf4q48z7
A1DZeL4TBtGvKb11ei4eBoAs1aRN9fB6wjgkLY8ER2dg,BmE2yxMBQzijgbuoAUChpsjN1x8n1A2kLL77YYRCRwYv
CyRzuuStoZQebUE4xQM5EUbvcHvMzGxgFes6xdRh9RiJ,Bm8QHL69MgWxXN7KuNASpepjJoKrhKvGKNvNfPYXGVxt
wMWvm3i2qNobhL1TqJtyQ46SSmz2n4VrkbdbHkRkPs7,Bm7xYDKPQw1oU8EhJSQNo2AuW9uK3iFh5ue2Vpr6RbmZ
DenXVLRxRR3yrXFzwMEpnuizCcP6YMpaN9jUdZy2N8hB,BkhiDj6UgYJzrS6YNuQfzsDNrKQGz12g1m21Ftq4gbv5
GRqbRVH8zcSJ3vijvq1aiRiVMpSsvNwii8ecZ9WTNSX4,BkRLUYydocX6krNZKbabg9xfV69iNNwKFvctrQkcsBA6
7yEKqyfRMMw7idsttmkqXp2Jtc1ooDgT6aZ6jm3Vmqgn,Bk9sHP38RruNvEj7o6MGnYmqkTYUvjKDYJn8QCdhaDSW
CPGJVvdy1BXwvDxVWaMTUx7rUVqLHCxyT95pnUv5jCXM,Bk6avi6e78n8MiYRxB3dWhv96TGm5rs2Jv3raaceeTzK
21Vnj2z2SYZns5Vji4vEV1w2HMkZDZShmaPhWS2sbG3v,BjigusfK29ELWJoUuxkDHfrMp8orYUxECbQ29hMCvL6H
6zD1KzktQB3czMBArahYph71oPCnngRpKGmenXTDwksg,BjPcnjjAzcB76dQTm6AHz64rGz6B3DqqF4PJRkgGaHvs
4dWCF9NcAfmfVk2yY9xhXHrgKxiMWRdwHec6BzPby4C7,BjLdQKgLMQPRJpRQkCtB9FNsJWyQttbBWi8KQFxfgs5C
BbgTRsfwp2F2nR9eE3raNUGvXgraySTFCWyvvXz1GiwY,BjJrnazb53H4vg5K4DbTk2iFdc2XWWMfM1TGi7uTVKqw
A1DZeL4TBtGvKb11ei4eBoAs1aRN9fB6wjgkLY8ER2dg,BimLjx85nVTXFgEdQCCV7qs25UsKwsPCqm7WKTdLeJPh
7mkr2BaLsRu3HVp23tM1USVbARKbawC6AWKDPAYAvbmC,BiMdPSCLFaA4SuZ54MUHb5ESisSDZS9riATWoML5pr71
HGDgNDA2zuYXdPkiU2JCgQ2h8NThYFCTvV1Gp6Q2vyw7,BiCMU6LXRhVgU1g1z328beEMK7xTCaZkW5c1WbCPCxrh
DeGLFkZLDJ8Vab31mv1xW5jeV872c3U9NeZeDUHRE5L6,Bi8hFykMwAz7NbKowF8Sw5qdUKCd2MJMSEf8yCxz7N7z
FRiKTTtBFCraXxAdN9WbE9gHsJHauHzLKf2t53xiyFRR,BhemWr8ZGcDqYsKoaaZTP3GmacMoi6zP4LkLYivbfLi9
Bry3WqC4yhHtTxKwk7oeK5aeadEqHtFnG3AtNjrHXfyQ,BhapagJmgr5WJEmY11ARoVq5C7wXDEG8Djk8HwxTZ3Se
7GYFNXUi9eNFDAbZfvsd7EBfXLCGb7Qx1cocR2eqCAYN,BgRJ1VG61xNMJHQ7nxyf9PXt4GRJDsh7LNAkfcjZ9c5D
85YK84ReFwLbpjBf5Pd16XuSHasvCzc5WQtTdsjdK6r9,BgM4CteuqSQmydMYaYYShYzDaPa36zKEux3cmr7Phd9m
9DRQpunpejKwU5jVvFUm7QGmeNjyaybvh2s6CkyUUT2T,BgAHud8pHPQRgzvaRGvuW44XxjcMZDKLng9pg7ZceBYw
3ukVQkntQ1Ydosb5yMrwA7xuDbbRij2JNSb22zYLWCQT,Bg7Z7m5R4yxY83AMCRSCQMMvbWAnBjZKKVkAz3ibpURc
7yEKqyfRMMw7idsttmkqXp2Jtc1ooDgT6aZ6jm3Vmqgn,BfayvVTMQBPFi7o5RGEYz43dcbvh3XJuRgZj7R9uexjm
BavzvGgTEuM6mbZtnyLo6hgFvwaEAQZ7vBtrCwYJDZHh,Bf8NQ8PEX17WH75SJ74bXrJGAydQn81eY1H7tt88dgXS
CKiAiyoxFaHCiN8jCCUWERDeuFBSrvFoAsT47pg8ifuL,Bew4bmUKkSUxu3CK1bjMc88rodKaC9mFvyws2SUkGiS6
BdsrCk3DRm66usFF37XnNqJWsCX8WPgwsZ6Nw9gxik7c,BekNfT7qtpHBtAseotRPWor4RH5pUVULMTNBB5yieyBJ
J4BKzARbSSrPYUn417JsSRnHHwNAKf6YVeQPpokaYMnQ,BeWjv961CPsk2WMWrbYF79PZ46Prpn4rSPpBw9coSWTq
9wZfVrquxEzQjR6fiGmP4s4Q5MwQFFTDFaGwJi762JLK,BeF7zQeGFK1go4JjXJaR84qRpToV8GN7QtyN7MTkvzx2
Ck2gfSTWFNbYE9So9HYjWMyFveb9xTeuoiuEXZwkwFbZ,Bdzb4oz72kapFLWJd1vSbynPZVR37MrAPMhJUKeMnMFh
ME1DpLLTWvJsQHHSN4M3mMUNrHnoPgWkukBijmU1zcP,BdyRPXmYqW6dvoiLyCiS29EmCbT4kBLJKrRfVdKkkztQ
J6exb4dxf7xTXarNqHYMEp28oUoZBEXGtPGD35SXFwqR,BdjqzdaFHPmDgg5VXCL1JQVmTE8cbqtCrtQJyozMQPcP
A9KHxwCgS35QeVPBqtMvXrRfvLbaPXtad57GiRaDJ5zM,BdhS4uE8mJ1DmXCp9r5hWJ85kSGH5iRCH2r1mD8pkD7L
G6bfDikmBmntCLcLdFTQhZ2zhqcuWygDpgou2Nq8YqX1,BdWKDjsXLqxvtSdJnD3cXce3sHo2QfkagWUdMv6K4xEe
HGDgNDA2zuYXdPkiU2JCgQ2h8NThYFCTvV1Gp6Q2vyw7,BcrTXwtRhqZaM6qv418pa2Ba2gBDGbs6WbRGRqxcDVYK
2GCbn3G619hrgkGPqfC1EpFLcXAQ886nviRoWFxrECm9,BcrBUivdBYjh4VPu75vAifpKKzH4ZU7q4WESpLCYLmHF
AGQZHHX1cDnNgQfnCYnbGsGnrMtvxfEYxSF4M8kv7Rd7,BcjbtsRMFen2m4UyPBxLFpHqbaoNzYLZb5Zsq7oLPQE1
1BWutmTvYPwDtmw9abTkS4Ssr8no61spGAvW1X6NDix,BbdKz2cZR9GqQeExyAdcZfcoT9ZzdgpG3EdPdu82tCbC
7mkr2BaLsRu3HVp23tM1USVbARKbawC6AWKDPAYAvbmC,BbSYbznyFdGpZVXTe5VDPNHUoBToR59BeWXG1sFa4zLb
JCPwcJzfk8tmJgmi27P2RbH3NdePBkp11EtZyJb7s7Zx,BbEozMD2ZpoJsR9V4wA2LxgJHk8XwUwrBxFgABHsA6wZ
DA4HR8Z4qi5XZyaQ6sL8DTsrnFbmkJwASedzT2hCc4uT,BaueeteXQawrwrdZ1y1Yn2yMRjrGWktxNFUrPiBCXkzi
2h6Fzjx2MeUfQuZCBaowrRjz56wwgQzkaPQAQugtBMNK,BatTTFkH6H2NENSRg4scDrKnTktAt1E95VvbkNF7EGAA
APMZny84AZDWCY33trBMF9noxrLAMRzH8Yanau8hn6Fs,BZYjbDnstBPE9yxS7bXVqMLzFEfcxfEKsEjVzNFw7HwJ
5RRzt5impbDhzGepEZj44JqTu7o6NmXNRKSM4rSQPX1z,BZJfRFA28Qih2RRxc2Hbr8u67gUBgD13RoYRD18d5uH9
C4yo35zPv7x1MxRpMYeDzvAYYsaWur22mrZ282b54ySM,BZ2Z5PErHLk1KRKrvbaCS9qPMBRPmdcA6cDRLvNcdBdF
5RRzt5impbDhzGepEZj44JqTu7o6NmXNRKSM4rSQPX1z,BYvBzNAezvdgGAWmEBXFmeZBTMnjaQaLHYrgsedtX5iV
9fxwmyNGAmAx9suvmUiAw6Lmqwu6ReEr4a8EdroknUpR,BYQutnxR9PPTuWKr7N9P5RtBRUbELvS8bMXCuKiUJqVq
A1DZeL4TBtGvKb11ei4eBoAs1aRN9fB6wjgkLY8ER2dg,BXwYmpuW6aLzsitCJ48qCutPygaCitK9ZDepYYNW5sTw
gCv41sQZpWwVx7K8ec8GqtMqVqJBkmb6p1bXwbNZEUJ,BXWcZ3Nbhk5iX5Ka81EG9Dgn3kfGnHU4P1vT9KtqRcvT
6FyUCuUEqG6qvbztck8tP12pGYvP9hKwa7b8Q7HzGYhW,BXEU4CsnybegYUFR7nntfUmXXitLiMvrqrWxEUHHQYMm
GaSBKUM6UPoqj8Bs6aG6RhGg7zccSgVP15bZ1bMDB6Sy,BWy9vtucitDJbYGSA2CwvtVfqzTwMWkmSQwWWSWruBwG
7sJ6wyCDQqyWyAS2ZR1r28makjaf4mUYkRgCi5pDmfQY,BWKpdMcpkUVUZED4ZQk7CSyqjwYmJ8ocvFMLCHonHXV8
689swc1zSEUrLxwTir2sgGvUrbXNAv9CSMRyFmsRCGmo,BVhPvt4wtRnG4N1Fm7cTfc3cwDn71kvzLpJm61D31CwM
6LgoGQ1WoToJsJpzzUrwKKu3Ah6awF2JCmrxq7W56pgj,BVTcHQvVTS3t7VFrSNZKUV1dNcbbjP9bsgHSZryusSEY
8w9YwmJo8rNXnUzT2M9m6wLUXdtfMqd2ppCKoMdqXWuW,BUwy8DcWkemN3CeJQm5WSpQ9JXzjsUetYnJ1T3gBqc4V
ECPQGL4oXtuk7HCraTcT3j6wS7yb9jn368un6JyWkrJi,BUuyFZ4e5oBY8fZcHafhyKpADhefazLpNWnBFbaBm7jc
9B2XQw3LsWph3uVhvJ6A2QeoR3L9vXmYropY9JXvzCva,BUcw9URxvMSWvz6Yx2cgTBcyJ3PC7gzFVF6BYQ7DWrKr
7dy8heSXUKaX3nRLkQ69NetzQxZYNQgUQsCsvTeV8MVt,BUTV9ZUtTwojobHiDyD8VX2ZimHin1DDMV3j6QexARwG
E1Tx5cJQvazKcwXdfCoaaqpyBncfSGXvfCsX6ppPnGzN,BUSmfoqaRmnz1Q7rdoPAch9qfzxLy5gYQXvKT2i4gxiV
8mTR2hccTnnSp21Ff2QcU1mmFdgaRis3eB8Yf4ALhva3,BUEcfEm7RwZEiFZUEpcvcAFTDwibGaw9GEK9jWtC5g4a
1BWutmTvYPwDtmw9abTkS4Ssr8no61spGAvW1X6NDix,BTpSB4CndFACAzRHLc9z94bLMrCo3ysBx5YZFbP8HE6f
85YK84ReFwLbpjBf5Pd16XuSHasvCzc5WQtTdsjdK6r9,BTPPBZ4WffMKfB2dUCi3iEANs7EzJPQoVWB4XaheX5gN
7sJ6wyCDQqyWyAS2ZR1r28makjaf4mUYkRgCi5pDmfQY,BTDiPYXBvVtbLFfsbbWeCaWULSGacNNsf7rMkuZztPPS
BgcHttqUndz3koLtVUqZELci8hfFtkbzJoxh8TWZJHVv,BSyoGju3PKutf85aaaAZyGvqjfyLsnG4bsXMk9a1LDFt
1BWutmTvYPwDtmw9abTkS4Ssr8no61spGAvW1X6NDix,BSHiEqwHwDkxjQvbWuXAyM9o7AeFsAFTZiJNKpb5B2Ba
C4yo35zPv7x1MxRpMYeDzvAYYsaWur22mrZ282b54ySM,BSFG9UPdPNsKwpt61eRNinuiGppF6hHMQu2THn81oE4C
HuFJ34mrFK2LCwgaTL8vBr3m7tZ6QpNFCjr68tw7wetk,BSCVQAocTVFXAsyftjjJP1H1aTKFwrY7eq86hvTVX4v4
Cvf8zJpGDLaem2RYyrMqdger5sEHZrLwj1Ww3b6PhHWq,BS91n7i35Hoe2qAkrtfM83j27BT2nnEaLBs74RuXDcvV
85YK84ReFwLbpjBf5Pd16XuSHasvCzc5WQtTdsjdK6r9,BRn7yDUoRE76doZnPvYVcqrsdKWKMYmZkgyJxn7fQnLY
AYaLBiMwJCV5Jq9gM7HHVjP4QHvA4zuMfpSdrJRduAZm,BRiY4MWnQEmZDp3Wswt1neZh5kmBoNaayhqs5VATWqGY
3u6t3ZboWACUHoefb3nBHtg6qcBxmTtzchvhTYQvd1S1,BRT1gPK6dLEoDRiygC7MkFtQZQa5qEzRfYmd9s4A8bRC
GEJ3zU94dgUcrac9QQF7qfF1w62toYhXYDKKCES8pXuH,BQjqygVQzKBJ86rCPtEun5cUS7ZFZ5Lp3FfGytcawj4a
3TyzHZRqiUAQ1gnRsxy7egaHTqah51StKcW4HuQgz9Tu,BQD4T2CUZGudUx1PWixC2DNoiUkUi1YyJiYdtXtus6SD
wMWvm3i2qNobhL1TqJtyQ46SSmz2n4VrkbdbHkRkPs7,BQ2uLu5wHMmsxBDq54wL3fCNXXmk5uUBWXBTDVDRMYUi
8crEFD6R82oVbYwhBHTDKTZvFJG7qbuMDgmAEsz5ijw3,BPxXL8ZWEXGuiEszu3hAmujU9DyMxtHga3seqM7asRrR
7rvBfawgMo7BvPyT79CaTXwPSWycrFLqLzyNZcT8PmVe,BPuqQWWNoUSfmYPwnyNme776YmNa9Ufhktam8ShTrdhj
A1DZeL4TBtGvKb11ei4eBoAs1aRN9fB6wjgkLY8ER2dg,BPk87EcR6foNp81VK5dbGA4QUxzgiocGrAxJ1yGAXVAq
EbZv1bwq9sGVBAuhdm11uPBirPrXBQVantDA4seH3vCD,BPiafrQgcgyzUbSM5yedSe2LFiybGod245m9DnvQav6J
A34sa1PcJBWcAcqMVAZWoxDtVU6kyzuA8b7FxQkUnMiY,BPESQxiqHmtBJ7A9nW3HnfXnxo9E61oDQsKy2QkKUCai
4YneHM99T9kgpbLbnS6ysbVvBKL4cLwvqNxvWyFXB8Rh,BNxpEG937xN1i2JpoiVqb7U9iHb8BXq17iiP8HkkYuxT
8pkvUUVAHkZM3bV1kZAxuVrcW6rhb43bhqRp6KznnJMF,BNtWFsxfQoe1TRxprG4dH9W6YQLmQFrB1VRvdso4ZL7k
DpJThRzhrn4RpbQdb53Cc8sEVHiNsjcwHt5UYT2S4Ftg,BNk4ucgNzdiVPQqjqaV85rTs4tj3afrSNQnvi6n8Ss5b
8ayV2FrJEBqvVErMwbrmrXwSJYD6dDjWnGjBF3UJ3RXR,BNj5p4xyGSCn22BRa9YRfRU2Xsue5Cw6rkrdaYYb4Cck
F41EVDtEEQLjG5PNiKMb5fWHAsEizXpg21UAZda1UbsT,BNJU7QxUHzwxaftaSe83c33XnVprfRDtYErDYdPrDJqG
3NGoyg2VXq5WZxgy7zbYG61qNcBusMsdogxiiyeiRLs6,BN8cN49YLsRZZuN6D9hLCnUdXej7SszwWb8SJmpYVjgg
85YK84ReFwLbpjBf5Pd16XuSHasvCzc5WQtTdsjdK6r9,BMxdoSnivZj1xi2z7y17xJD3pJd31bKLMQhHJ7bBm7BP
BbgTRsfwp2F2nR9eE3raNUGvXgraySTFCWyvvXz1GiwY,BMX2LKnj6Swr4ommBYmCWQB7XQYrERb4fh7PD9E4pSRL
7kjLsQR3GKCRAfivG64QYD4d6aFQySEBdU8r9TaR6GEQ,BMN9y4itEg9ofyD22YqGz7PZ6ANDGwxTJhctxaEjpyZ3
A1DZeL4TBtGvKb11ei4eBoAs1aRN9fB6wjgkLY8ER2dg,BMMmsgQ7WV7tD68YbEfbokd6HabBen8PnCmWYmW4vZrJ
8crEFD6R82oVbYwhBHTDKTZvFJG7qbuMDgmAEsz5ijw3,BLpVHvPLsaUD2RjEA7N58UAD22MxFvaKFowxba4V6P5e
msqdyDdCintkUTHoo5PNLgzcnuijDkFRUPJ27YiarQY,BLaux72jP6zraibPWrNE3UhXhTtS1c22ZcFRNPpmZrXE
7mkr2BaLsRu3HVp23tM1USVbARKbawC6AWKDPAYAvbmC,BL87AJGAH3eaSkUQ7L9KCLiVT1GiK1byFBrH1RMGaDXp
GmFonBFUe4m8YEmd2rNsjxFCV5nNwFwN5s3PT1tR4rev,BKuj7QwHXBPGyuuFk1SLm6Zbzmmk8uFPpiEf8x4MprCi
FRiKTTtBFCraXxAdN9WbE9gHsJHauHzLKf2t53xiyFRR,BKhAYfVuSkmTHY3J3rJymV9qaF1dRd6iGw8SDizmy2HC
773aDzyDLsTy4VtkKX3mG6Umdkg34Xk8yfdtTTpzDBf,BKbpBSBErm7zgPrCooejr3vGbFrw47B4tU5gF3ZfY4PQ
2e648Fz8YcZqaAhqb6dFtvm1zZp2vwevQiAapGaCzJN6,BKAi2NCyr7SawuZXfaWXfbYM1S6PiRoiYCqLKB6cA12x
4zdNGgAtFsW1cQgHqkiWyRsxaAgxrSRRynnuunxzjxue,BJx1D2NfsGxp4NQWwacuyzW5BBNKDgHntfBzYyMig9Je
5fPeiibACJDbQ2JZJNc7HMKHXvtC6KrnVJR61aANJPCN,BJscrdu7U1XQFy9hNw7pyM86S1Ch5EMBXaXtamT6nntf
7mkr2BaLsRu3HVp23tM1USVbARKbawC6AWKDPAYAvbmC,BJhZ4NMNErHwgVh4GUvMxSaWmT8USKJ23MYVckSveaLG
3HpsMQv5vnUHW3Pc8sbU8U3KTGVd98Aa6pJUu7zgQwzU,BJMQjbCBx9Xv7yH7AwoknLCL1NGQwSx7Gtk7grcrnXxr
CCutrzdqQw8RsFEbAWNrLachSy5umQJ6f1f9rqXYfyMX,BHfagiQ9KnXUWH2hQHBphi3u6Q3vALoLiZscq8YgvUYR
G6bfDikmBmntCLcLdFTQhZ2zhqcuWygDpgou2Nq8YqX1,BHdJkFNA5ZNt6MgGM1mu7SEMdNyvBZjTYwX9vJ5AnAAE
3ukVQkntQ1Ydosb5yMrwA7xuDbbRij2JNSb22zYLWCQT,BHZ33DR8zaphKtdPt9FGv5mf9ZbBiuGMyJgHVPYEG2DJ
6dTJGqWv9b2mmRsNypKAVHJisFNg1ayJsgRm7XQR9eBY,BHUAvGL1rEBkL7LN2xTMU9nZg75tNWJdMVJvodVDg8qV
BLjtsrixbNWyDd3w5z33wyrttZ5MoqweSsnUJU9CBknJ,BHTiyZaiv5rTG1uWZcYdjpiJFGzHc25vK3cvBwRvgHbk
9vGPfVZNhdUfy9iRrMg3M9uw5zhPdEBwCS2qrjcPhbEV,BGukpM6KRfaGwPcC2uhai9juj7r6CVdbEeBiVAPVd4fW
52mA3o173dBNEH2qRwRKQKZtZAChv1QXv8pNHX16pzdJ,BGXGroUvXZJjGv31Znhnir718x1ESBRFa3MGymB3St2t
3ukVQkntQ1Ydosb5yMrwA7xuDbbRij2JNSb22zYLWCQT,BFxtLiMEaDyPYiSfmRSoxj2asujpJJNsbjDriy8Utjro
7mkr2BaLsRu3HVp23tM1USVbARKbawC6AWKDPAYAvbmC,BFoYdZG9rufVQxZAi1umAMgUCwF3hxHv62JKetuPyW5Y
DW5d9d1uVQawFFbQKsykZGsx7LFnCJ3PBjqme8Ho59ek,BFmdY2Hm8hHwrMinSzSxTz5LbD6qZT41hZL94ckLsUY8
85YK84ReFwLbpjBf5Pd16XuSHasvCzc5WQtTdsjdK6r9,BFKos4QmpnnkRh6sz7DfUxNK8jWksmvUG4bMsybXSo5F
J4BKzARbSSrPYUn417JsSRnHHwNAKf6YVeQPpokaYMnQ,BF6UMVGXhCE5PGpSU21EVoV8t9yQAtaxru5X6jhbvM4f
2mWtCrLV7FcZxkYYp5nTPgGzBKT22qyJgH2KrhY8auZn,BEvFSePW6mf1ZKKBwBEXFdHh8SQARSnH4j8oGspHqcAF
BbgTRsfwp2F2nR9eE3raNUGvXgraySTFCWyvvXz1GiwY,BEsNcbJqPsJFFD8RD24ajygGZSEpqMJ2R4g2wqe9m5HH
DZGyo9uB61bXihsKNv2yEie7XuwHqFwAnoPxqM1ML9yg,BEcse7Dx2eBX89hYrq4zbpn1hYA99J4fYBP9rBSyHEXJ
BbgTRsfwp2F2nR9eE3raNUGvXgraySTFCWyvvXz1GiwY,BEbkJEpki5LkXFsJvSHn1yMJq6mEMmAzQX8ovLPxrJ5s
BdsrCk3DRm66usFF37XnNqJWsCX8WPgwsZ6Nw9gxik7c,BDfijLXd6PTM3r7JqCiTg86FgeMd4bsP6JyX9Ur2mi65
vCGmz9PjfTrMh2uK23RkqToZ1Jn2yc44D5KiVNaMt9S,BDWp8rWhvSHhtS9idwh7dEUW8D6qKtnRL73grE9YzDhP
Hd6QeUeWBDCafLuNzW1BSEWrdUrYHyMhLCPnZen55GH,BDRLUARtuwvrkXY9u5BLi6Gep4VMbNKSZidQacJYeZXJ
7mkr2BaLsRu3HVp23tM1USVbARKbawC6AWKDPAYAvbmC,BDDhUAtPkpKzSHdaYqxe3YsCfcSd8rTFdFgQpHAGZ1dY
CtnAsQBirxGVrrFTd5jMFMRsdXmhkZ94mqJoM5P7hvkz,BD2bMdgCRmaSxoKM8BETNcRZD5HaCCNEKLM7bFtRCwcQ
8qFtBr2L596BZbtHwoNGWjKPP71VVb4PRAGj4mJknXbu,BCYdZZZWNMr8ySwnJFettfpexDejXHBbrTHZiPJ1kSd1
Cp9V3qLnjjCH7SNrEAtjqywqeztZKpXckDK13BA3EBU5,BC4cybnigiuBEYDKLjAGCKvgA7xu4mjx15SM8FCn3LVN
8Vk7E6arCtxfdb4H3pYs3x7kGBt2M82Witog4bcgbdm8,BC16woXV3QN7DaRYUBAWTh5JPiiAhsggzYQTrhnjBNjL
GEJ3zU94dgUcrac9QQF7qfF1w62toYhXYDKKCES8pXuH,BBn1v1J87zsBhpEUH62oVjh4hy6oT8rGgxaoDy5wPGen
GrQRm6SmPBaxH4SGs15dXU5ErHpRfnDdmEd8n7sAr5QK,BBW6JTA6Bku8iVwzg7GHwK837LUYwhqGBHUm9iSvwbZW
B56NDdqVevb6K6aV9QwFkNN7VgNY3ZdjwMMCKSHZzC6L,BB7ixsznuwxQaud3LAjJTpGJ94XUo9mBGLFGAm6s3aQT
A1DZeL4TBtGvKb11ei4eBoAs1aRN9fB6wjgkLY8ER2dg,BB3U3ckqtvsRmRKp99dybSnvuEsiSwZuhpLMCZvJNGCT
EsPwbYVe8d7MrXDzyn4jGBNUywH1eKh5Ww1R5Zkuzhe,BB3P82DYt2pw9FQ6kKpnrJk39KkW52LrTmsDXKs53G2B
773aDzyDLsTy4VtkKX3mG6Umdkg34Xk8yfdtTTpzDBf,BAvpW6rSfZyhhhnELGJo3okv3ej9dcWTkJwZWZwiZu3p
7dy8heSXUKaX3nRLkQ69NetzQxZYNQgUQsCsvTeV8MVt,BAk9EN3U8xXkk5vMCwBNj8ecT8cj66ybePETLgqkKWfx
EqU6pQ7NFqtdrgDhZ627dJtXgfneXqwhcGkaVssMVery,BAJgQHnVTNdHwA9zyWciZZiqtDuqfuMaYpDe4spSBBPs
HGDgNDA2zuYXdPkiU2JCgQ2h8NThYFCTvV1Gp6Q2vyw7,BAFYdTGBZQgq7SKeyGa1sRQupuC57cB7FRJBCuYV8EGH
7mkr2BaLsRu3HVp23tM1USVbARKbawC6AWKDPAYAvbmC,BAEpBM3TqsfgspGk7bWJNJxSCmTaoP6KS8BUpQFYF3Hn
25wDL8QjQKc6QgLMCdjdaUkDZxoetSVSjqTkBCDN5Xqi,B9qp3UF9Mbc4T4wCvocvyDrw84eas3tqUz4G2MAXMRU6
BbgTRsfwp2F2nR9eE3raNUGvXgraySTFCWyvvXz1GiwY,B9TjjZy66tAnzB9HtXFyUKShoXTchkvPEsTdsyhGeiGa
A1DZeL4TBtGvKb11ei4eBoAs1aRN9fB6wjgkLY8ER2dg,B8h5Jsvvyf1VgMH1gnygfpnXitBKPaqBisGS9Lw5MNKV
48xrAtxHYtnvrBzSJZaCwj9KhAVEXpRanniPacS8jQeJ,B7ZzqGtUtYcoa22pmHmTABvCWrEtiuLYb2smiyq2gyHd
DmsFcT68wqampP78Hm9E29DBLG99FuZJJmZAYw34uvrF,B6wQUZDuW7bBtQgzKJqUDP5XLP7qJg4Mip23CA4a2kpE
2SNNfXWa6iTMLJbE6UodKjPW5rXbiHaG5XG2TpoAh9Wk,B6oEHRyedNL69f5yGoEmXbW66ck3D3K9ruF9GaiMRrfW
3ukVQkntQ1Ydosb5yMrwA7xuDbbRij2JNSb22zYLWCQT,B6mq5eg5PoToQjbyMcrzPTCut5VCy1qx4Q8JLjQ3zJWg
85YK84ReFwLbpjBf5Pd16XuSHasvCzc5WQtTdsjdK6r9,B6BbPAArRDcra6hQCsJz76ctsve4Jm4MjrckX35zj84H
6tqsm4PCS7TRzJU3tCj1erb7uJ23yxmhgea68BjqvADp,B5qjZGER77xor9dH4XjC1ufuM36EFxS4knMBxYLueADq
9BuiSr8fyBcvdt4KVvAQvtfhYH3rJq1fhj4xAnyJJ2Xk,B5HmCnrZHRuqdvDVm4RfeVWBiz4NTTFnsejHPpheorGX
B56NDdqVevb6K6aV9QwFkNN7VgNY3ZdjwMMCKSHZzC6L,B5FpajM9t45nK5LQGZLkBXLVdai9aGnK8eYVWwE89Hkg
8kxXmJJiBFosC8qj6HSu3tjqhD3gWVEdN459FWb1skGK,B4nTfmJHmMEgdGqsyBQA1jhCF7V4DbqHbacAdmFKqw5p
CyRzuuStoZQebUE4xQM5EUbvcHvMzGxgFes6xdRh9RiJ,B4bU4tTQPQ5TKXDxKbinomq1KdMHMbtPdQhXeoRC4Q6k
3ukVQkntQ1Ydosb5yMrwA7xuDbbRij2JNSb22zYLWCQT,B4FnkujnvPR1wQ685k2ZFoW1V7HDHLdpvARZgv1yCwrM
DZGyo9uB61bXihsKNv2yEie7XuwHqFwAnoPxqM1ML9yg,B4EDsyjQ8SmRfZyBgZmSaDqFhceghS2jP7Hyb9y26gkF
DenXVLRxRR3yrXFzwMEpnuizCcP6YMpaN9jUdZy2N8hB,B44tm36zmMchWkEA3kefidgwZv9EyZQAm5SR3xXGQvfW
8xgzS4uSdfNMAHJkmtj9XxNrTzBf8kfg2PRy1iTuSURW,B2ixcrontiXfAvGXpA74gCyvHreYBygy47ueaKpyAYbg
6HZ5BjrnLRkxC1V5E8mW2t9V8SxPhzz1RM8mBUQxxQ7Q,B2i7DjktYZFZrrnBJyWxCJDwuYdeU1fuXbgvpdCfFydT
GCpdCyDoga1UhbKFk1kMBnDhhHWZJiXWT78CSsXkSN9p,B2fZMHb5yLsU1zADLc8P35vVtvXw3q51XvsAzp92r3BR
6dTJGqWv9b2mmRsNypKAVHJisFNg1ayJsgRm7XQR9eBY,B2YvjoKWsmLajMVQzSb9ABEKWBxdEeutqrBVZRonwEm4
7mkr2BaLsRu3HVp23tM1USVbARKbawC6AWKDPAYAvbmC,B22JgRnRrCXnaMstbC1NEP4o4WxCjiHZMkDXVvWVNmf4
HYn8C7jiyawxxYjVwV4eUzUw2yndmHYDBZb7zCFScp83,B1exPMkz3VMMb2cirr3LRLbtEx82z2arTKktmzqdPGkM
Bc7sfMGgJjsmiYH9yxSmuYvQaaVmwTZRgxKdfABJBRJk,AzyvSLJh4JpySXyUv5Saqv4h5Yd3P9feC5VXRRNn35We
1BWutmTvYPwDtmw9abTkS4Ssr8no61spGAvW1X6NDix,AzxsdJdiMvb2KGwJBtxjvqgYkJ4PX1PXBrYL6W71M6Wq
7dy8heSXUKaX3nRLkQ69NetzQxZYNQgUQsCsvTeV8MVt,Azxknfb15WKqReSzRFuXZonv1YkiN6eCHXCqJYwPVp53
7mkr2BaLsRu3HVp23tM1USVbARKbawC6AWKDPAYAvbmC,AzxRHsXQbpYngUgBvzNQ27T32jRCj7e9p2NMf84oaDqx
3ukVQkntQ1Ydosb5yMrwA7xuDbbRij2JNSb22zYLWCQT,AzxL33YDZX3w3gaoaoRDxdHKsSWyohhxijE3oznHPXmU
Bt4WgZfeVz9N5DG6CwFkmLXtXvougb1VZcNTgKFVfcXW,Azg5m2Ka7E9cJgpeKagRN8VaunxyQo9Pj7JLWP3ZM1fZ
8FfTMCkUSRCmRboUVrKSpka1cZT8kBaQD2LmAoWm3gmE,AzbJaodW32fXHF7QuW8jFNHggS2tYw9Xed8dQGEYb9vT
4vaeyRG6HMcCnkD41wXNezNfNvhvDdmHxNViZwW2Mdrk,AzFuGE6hdEWS7b4omz5ybgPFbrCmFvqpZHuJyb5ANm8o
FTrH7Q3jJ2gkPwvpgR8KDGtmewRbB2RKBeKYaZH7hiNy,Az891AAnhYYQCoUYf4Bzo3jZhPqSM9enEANjvKYcs97A
BbgTRsfwp2F2nR9eE3raNUGvXgraySTFCWyvvXz1GiwY,AyzASwmSiMEgfngA5oWPLKWRvD5XE5LsMMCcbu87o1Ed
GCpdCyDoga1UhbKFk1kMBnDhhHWZJiXWT78CSsXkSN9p,AypfC7GfxHVGmKzhFcc1aSLD4JuL76LoDXCpnJgu9uXc
A1DZeL4TBtGvKb11ei4eBoAs1aRN9fB6wjgkLY8ER2dg,AyMhbeNDhPFLGo3WJujF6LYFc2r1weNKBEZ9ZkLoXCkq
DmsFcT68wqampP78Hm9E29DBLG99FuZJJmZAYw34uvrF,Ay71GFm9TnFva1A98LVbrDHDEhx1ZBL9RLLnJYw3uMND
HdubqN7sZ3r2AiRX67h3pa5oyfjb7NbAbEJfHzn7AQNf,Axq23WvBDuU1uRnNC5TqoN22XnvMHJRNzGpRBESUtq2x
CP3etGb65J75qxmyjaYPwuv3zzMz35C8ZtDwxv4J8KHq,AxQJWeynbquwjqM7CAgdAEYDSZhUdZPdcD63EQeGg5WX
BGgNvgCkmqy1sB6vrqZ6pF6me3TFjJP29Tg91rFaiL7R,Ax1G6t24zqHw6Q9YdsbXAkJ9KHMtvCfeVhJ7qgP1NXLG
EVzNa8PzCCPdR3KpYz9gLm7Swdg9tkbCBTqPYwzoR1fc,AwcNiJgQiDMc47s6iD9Ymj9WmoPyV1LTomReNAppJEuZ
6Pb5U7iSSkq7YcTeP9Qdwi9dfNcRpqgSpxA5wWuU2Eau,AwMuPFMqpGrY8yPSkeAWJCmgrPB6TEbx2DJe2zyCZPf7
BbgTRsfwp2F2nR9eE3raNUGvXgraySTFCWyvvXz1GiwY,Aw8Bre1U17HF1TH87i9pzhExTdsQMPFvQKwt3hc1GVXT
DZGyo9uB61bXihsKNv2yEie7XuwHqFwAnoPxqM1ML9yg,Aw4aiHtrZaCAEeKjdsG2eUWM6gkatVYNmZuwkQ2xNRKZ
3bRAm3nzFBzZK6ewkswwcbPkCcyyXoYdZi7mEGqEvc5A,AvUaLFKaRgLEdnohLABybwkLFCSTouL5poKgV3A6pRid
GmFonBFUe4m8YEmd2rNsjxFCV5nNwFwN5s3PT1tR4rev,AvQFVZcQvpcHFPBSCdtmeC7idBU8GU9pRWRURYpqUWWz
8kxXmJJiBFosC8qj6HSu3tjqhD3gWVEdN459FWb1skGK,AvNFBDYZeRRJv7p6442hErRmNZDYuhVanMT6mUtpqJF5
GhomxhTctMEovog6TcfsQqcWrAZREnyV4Rgagi5QMsyn,AuuATwnYJhAGFfmU6pJTjx7qVFsvj2wAd7znY6zbRtpn
7mkr2BaLsRu3HVp23tM1USVbARKbawC6AWKDPAYAvbmC,AussCd3NHxZnEr9TdRmYJCUB5hHq52DGNbSgGhRazPtE
HuFJ34mrFK2LCwgaTL8vBr3m7tZ6QpNFCjr68tw7wetk,Aun3PHfrscCseurbwSjzTH3cAD7RYuoWPXBiUW9CrhPT
5x4sdY1fDxesDA7oA3hh8Bh7c82CRHxNSeurm76KGHT1,AuekyNK7Sp85YKXTk7gZYVNoxvKdBA8JFEqfBqNEuQnz
DA4HR8Z4qi5XZyaQ6sL8DTsrnFbmkJwASedzT2hCc4uT,AueHuXchP6aVU6XU8qqzEdjzHBngBv18Sm59LwJLsekt
85YK84ReFwLbpjBf5Pd16XuSHasvCzc5WQtTdsjdK6r9,Ate9o24xM9RdvoTU8ZD5vP7zGqt73AGN71JNgZ8BPq66
HVKcntmBUgkNJkJdnPDh2sihDEoVaT2djSebZjQsBsX9,AtPfQ2QvM4ANnwjnVzy2aXABf6fZSFCWx5Y1gfttjwKA
A1DZeL4TBtGvKb11ei4eBoAs1aRN9fB6wjgkLY8ER2dg,AtKE7vfriHeHSfdbEhwvmjxLM3LRAovF9ihd5E9KuUkt
2SNNfXWa6iTMLJbE6UodKjPW5rXbiHaG5XG2TpoAh9Wk,AtHY3PSZL3Hhrsgv8EBM5HXzVeQVWJDgX67Z9tVrRqhL
7mkr2BaLsRu3HVp23tM1USVbARKbawC6AWKDPAYAvbmC,AtDwzNLhGAyMPwDmmdN87CMuquonZooWpjG9Lt2hAnnR
HWm1AtDGUmtDANmPru1rdkArWZMh32jMwsED52kfXBLk,AstR6r5rY2qpRkfMzwAZck7QCWTbDwyun5dKK2EnsVoe
3iaifEt8tYv7GCt86D94cycDRgLNtY6HmriutqzbTZ4G,AsrxM9t2xRLxFn7wAJAop2voNCB3ojjFKHwc8UuoVe6K
A1DZeL4TBtGvKb11ei4eBoAs1aRN9fB6wjgkLY8ER2dg,AsnbngusmJoMTRszRppcbynP7YUXrbtN4EeqXb8y8c5D
5RRzt5impbDhzGepEZj44JqTu7o6NmXNRKSM4rSQPX1z,AsY16HZCLraYVW1CkzBLqiDWFMojt6PYXq3CopBpr5dC
DZGyo9uB61bXihsKNv2yEie7XuwHqFwAnoPxqM1ML9yg,AsFBigkPRmjQ3snjLNsw6NaZDx8BqYmbamcLNNnjNTbi
Fs3M34Y4F3PV9K9xenfdLDp9bBXgp5ZF6utxdaXainY3,As2HkDtnr1DFeoEgnhY8bkbxf1JwBau1DPTFZbinKjmJ
9sJgTcsumo4Gwoc6V8i1P7p2RouhfFhaKP17VkUGZX9A,ArzsmQ3jiX4P7oR6qVTfF4rfz9X2Fk5221NS5d3eMRT5
773aDzyDLsTy4VtkKX3mG6Umdkg34Xk8yfdtTTpzDBf,Arb3NoWBPBp7hRDErQAk7FzVbMpFhB6vqXFnrwny889w
5hxer6TzBqqN5Udkzhup1m9g9DyVKEuTrgrT92zZc5b9,ArWwjH9H1H9WWcPGKHy35nhimUqrYht4aLMnEWHAjT25
71m6do1LCfT4xFT8gRX32AdfwMsbo2LT3C6FwjWe5HaV,ArKmDuULQMY63jVSUBCQP35FRUbioVf8jenJwgqLUBmZ
2SNNfXWa6iTMLJbE6UodKjPW5rXbiHaG5XG2TpoAh9Wk,AqKcxyK7PaPVJfiafK9A7QVL3XCQJ5EuPm9FhAX1rmCg
85YK84ReFwLbpjBf5Pd16XuSHasvCzc5WQtTdsjdK6r9,AqDRGzZ8WfTyPdu7T5QXiCsPKysGFo3QWuJwizudUeBR
EPdjdN4bSqLyhmh2VD2eA3EogTg1sUnA8gP33GwKvM3F,ApaPNBrRzzSbVyr4ZymqZMZ9igzi31xX1pCae7M9pAVH
46HRYafCqKcAaWzw3H5QyXuEATGxR2v3bgQYyW2mRRdb,ApG8iGMuVDzzwqKzTYzgSn5ZHwQtcAAxecPoNuA9hdpc
6zghxbskiWJSBs5kCsKu86uzX2jdSWv919EPySXmW3k,ApDjAubBahPrUyEALJphVFdJtfoo5iAeRRfAycz63ScC
FuSgtgU3zADRdVxPgGSQqFaEzADMPzu4M1Bmagud3RV4,ApB9412uTNbgfg413Ji4SHUnAMd6D8ArQpbA8jF172uB
HjhaWHdqskx7WefK1erGUtMvMou6ANDASJ8PArZhH3cm,AocyrgGPsJSea37n9PZNqcRoptKW3BVFd2fWMkPrTs1p
GEJ3zU94dgUcrac9QQF7qfF1w62toYhXYDKKCES8pXuH,AoWJm9sd1xUE7dxz1WPsknC96Wr1CUVkfaGx4n8FaA2y
y9retkfRZ9vcRVjwWJH4uhKDqf5hQpmV1jJvX4q9sq7,Ao5dVZuxWoF1h6YxgmFjFNUnuBy8PV4oLyCDQaSfKYyY
DLC9ggCFfkixVYCTEgDxe33CDzakAG2ruwRRevFMg922,AnkE9VUw6CqNLYzR2SVE1hk9UVEZKUVAv1XGfpr61C8P
iYdaBb4aCgFdCbU1cQPTkt8KjoFVsdZKWybDq4pcmoH,Aneoi2fuE7Q3CQrQyFxB3bo77KC43oNgUe1fgXpXA3Tg
7dy8heSXUKaX3nRLkQ69NetzQxZYNQgUQsCsvTeV8MVt,AndyyztMgR1SAq2i8hS94bo9tWLdjN3mdCdcPSacUwqk
APMZny84AZDWCY33trBMF9noxrLAMRzH8Yanau8hn6Fs,AnU4NH447vuuNEuuRGPWmV4t4s5W81whzKba7HSncpJw
4zdNGgAtFsW1cQgHqkiWyRsxaAgxrSRRynnuunxzjxue,AnRK49Sa57XNjPxcgbCduRgH9Ux5Vf5VveuDrjAy7uzz
85YK84ReFwLbpjBf5Pd16XuSHasvCzc5WQtTdsjdK6r9,AnLHHj8AqicUJP7MD1cZL3XNJJikmuxWHLrrpbfzCoYN
THthoAPa4rKqfZLe7oqzW2G6BiQoAuyw4Ty7GK7a9WG,An1jNXAyH5U5UGmxGrrWjTimAKjkToSxXdQb5kSTny27
BvArVmwtJrSXgdZUG2Zdi1hXht1U4qE3JivCrtS6x5RW,AmrnNxXP9uBW3RRR3EFZk37t8iJifKenfE3hxkiDPxuL
1BWutmTvYPwDtmw9abTkS4Ssr8no61spGAvW1X6NDix,AkSw2CBY4azYQtL1qRGsWMwa2Jtkw5HrDhLvDXZpdWEM
7mkr2BaLsRu3HVp23tM1USVbARKbawC6AWKDPAYAvbmC,AkAKJc5gNc3XaM3pNznK7bGwZp3FuF6rfeDSQuvm9cSm
6FyUCuUEqG6qvbztck8tP12pGYvP9hKwa7b8Q7HzGYhW,AjtMgELUX1MRWg2DGdPFPrUQxtK9ZVycJDbKBF6edt26
7mTdytpVmc7ap9M7Bqp73kjAQAPdA3tWrssTrYMojnHM,AjegpuRtQ8v9Xcv3izhyTDUmaLpsFVa1qkToeaTRYXyb
7qGfM5cTJn2a9pDNhtLNoWnXF3hJ2aSb317esSoLLtM4,AjUeTGqLkRhWTcs1Trg1CyWtK7D79w3R68ksc6owTbzM
CyRzuuStoZQebUE4xQM5EUbvcHvMzGxgFes6xdRh9RiJ,AjRV5X4gseasxFekUpdGqWmKzgvKXDBTw9aF4VmkJbTF
BbgTRsfwp2F2nR9eE3raNUGvXgraySTFCWyvvXz1GiwY,AjL1LB8WsP86JCGvePdPhTCMei9mEwcB8mCmwi4toYgL
5EDhiqaSi8bYcMY3ip8oynGqDW2JC3ERSo9LhGfMLSwk,Aj5w75vnhRHPSmRikagehkg15xmrbqqY6GUFE4QpFPBD
DenXVLRxRR3yrXFzwMEpnuizCcP6YMpaN9jUdZy2N8hB,AisKBwpxBvcVTXGDT5xUFNzRgcyLDD2112szXDoMtn1B
1BWutmTvYPwDtmw9abTkS4Ssr8no61spGAvW1X6NDix,AhuL214T9aykomqZBnbXg69q43no2j8dCmdZiU5HCzeJ
7mkr2BaLsRu3HVp23tM1USVbARKbawC6AWKDPAYAvbmC,AhhkyVJxupRMiaZ7QP1EWXF2xgzB6vNFNtvXQpE2uft9
773aDzyDLsTy4VtkKX3mG6Umdkg34Xk8yfdtTTpzDBf,AgyzLa4hnwV1UB7Atki2Gx3Lruf3qHfiaVwEmx6rnRRi
3ukVQkntQ1Ydosb5yMrwA7xuDbbRij2JNSb22zYLWCQT,AgvLqXu1sqzksuangmhnwUrXnjhcYQbhQDkqEHh1Gdcc
ADCVvVamh4VmNQ7LRkYripx45Exp8ymvbGKKC8R18pio,AgoxAMW3YTjs8of6FDkwLsTFHX8XDXvnihmqZByWhY8G
5RRzt5impbDhzGepEZj44JqTu7o6NmXNRKSM4rSQPX1z,Ago54gGr86mU4mvJ5JRzfcerDpmgpG7Zodg8HGjdZRXr
85YK84ReFwLbpjBf5Pd16XuSHasvCzc5WQtTdsjdK6r9,AgCsxgHWpUfDhTfLGwHLpqvYoXCKopziJfSBAo3C1Btn
A1DZeL4TBtGvKb11ei4eBoAs1aRN9fB6wjgkLY8ER2dg,AgBtgY93x1rDNaTqNxSVgbREb8wpiLYc9ytnpTZCWX8S
A1DZeL4TBtGvKb11ei4eBoAs1aRN9fB6wjgkLY8ER2dg,AgBafC7MsisNdfD7yZtsy1b3ydu32XPWFMzGmcMkPR4f
A4H9f41rngpzGE3ZUJTyBxLfB9LtH3q6WtGcwcyK544C,Ag17QCbDM5BAchyVSGRp5ty2E6s6CUo1fKf2Vc3myvGW
9BuiSr8fyBcvdt4KVvAQvtfhYH3rJq1fhj4xAnyJJ2Xk,AfTbpTcDszyEUtE9DBRk6rbEPmvN9bTzNaUn99VnJrJ8
A1DZeL4TBtGvKb11ei4eBoAs1aRN9fB6wjgkLY8ER2dg,AfQhgFJZKn3RsdCJZUwqmKmXJgSKWzXu1ptBomSS5vpB
7mkr2BaLsRu3HVp23tM1USVbARKbawC6AWKDPAYAvbmC,AfDZeL8KLeF3zSyogsfjwVDo4XrANNCJu5yrWZi6Bt1c
GmFonBFUe4m8YEmd2rNsjxFCV5nNwFwN5s3PT1tR4rev,Aez9ytQ4tfoQJhBRKyXkVbzZwTpjEE8rwiGrponEaisY
J48S25rj1udxC8rydzCq94GkqHMriLa3HKCxJodujRdx,AdkQfpW5AsE4Nq6pXnNsFbsz3qSwgdNLesitE4CUZUN7
9wqrW7G1ajv215hnVYd2SFZ5CUWjfEYtDJsakx5UFjEp,Ad5j3r7dma51DRJU7DW4xPuLnC6BfHqcnSMcUnPfTfcG
DenXVLRxRR3yrXFzwMEpnuizCcP6YMpaN9jUdZy2N8hB,Ad4ynegXQxwjA22m9ATpZESd6AQuAZFKxCUJwTBCJ6TC
1BWutmTvYPwDtmw9abTkS4Ssr8no61spGAvW1X6NDix,AcX8F6FmGW4uy8J9B2whPQ9Vbrk2zpQkBLaksoGo6zBW
DmsFcT68wqampP78Hm9E29DBLG99FuZJJmZAYw34uvrF,AcRhtcYjhTzZ9wBLLWXg6WcuqX8oFWSeCN844uZmxpwk
ZE4LyYi6TyjoEs4yPvGfCfXYAbmkptN19J7o5wPP8KY,AcAZvdzYjwpPB554gXYrceMMLS9sx1EYrUgUjQzCmU71
9B2XQw3LsWph3uVhvJ6A2QeoR3L9vXmYropY9JXvzCva,Ac9JvLe3VJmwocq5n5rGaFKX4Yu9mAHiFtmJrciWWQTM
CyRzuuStoZQebUE4xQM5EUbvcHvMzGxgFes6xdRh9RiJ,Ac5DQKRkSAM8HYL9cgknQZtR5Pu9yzidFxSvWF1mxASd
4jNBHhQcvPYZDvdNqg2T9QzQy56ZStdFCn8wuidEpFbJ,Abmtj3rxVkMwMPcSWMZ2ogQcw2rJZrUH6MFnQDafuFhp
14kez34Y1hRuqmc9CCQgxXdSxE3FGhGnhDjr9EiKd9fV,AbYEVqgnDewYhaDCXCmrNoeZSwT8GVbFesjBYE2aRETc
wMWvm3i2qNobhL1TqJtyQ46SSmz2n4VrkbdbHkRkPs7,AaPo7pJCaDMDozEQaprpVpmEp5ycZx459GzJM5Wz71Zn
7MLv6hWHBMb643dZcLatQqWmmh6Tuwk8yFvXqx9b96ab,Aa7AgQ3NF2oKi5SsMqrLhdmECY62MDtoywFEwabPhKdR
8xCKu6C2k6pMYfvV6j22Z3AKFt9sR7rGx5cQ5sHjKv9W,AZsQJosJjDSi26ae1DZHxrjpkqjEqmph3eYifGfXHDEA
FRiKTTtBFCraXxAdN9WbE9gHsJHauHzLKf2t53xiyFRR,AZiKooxWuYMKKjjkvRrKrDwsPh3J5F1ktymDdpcoeTrf
CyRzuuStoZQebUE4xQM5EUbvcHvMzGxgFes6xdRh9RiJ,AZJFxFCxBUKMAB7SL8pSkv9sCMtRi5eAUWDxyXZMweBd
Dc4DoW3HwonrTiWVFRqXu8uVvGyR27th3esFrZEXjoV3,AZGoaxCrVicvTk6cYcnHKAnPL5URzuTtAXCw6HM8Lixj
CyRzuuStoZQebUE4xQM5EUbvcHvMzGxgFes6xdRh9RiJ,AZ1s8uffnsqfqbwo1sJescratpAR7KkibEtpn8uiMaNK
CvaHbjkN5CtMVbN9F9yugzEzhfoRqTsPqxTrBLZs7J2m,AYziyEVeiAaWH62VRUSXMfS2mWuvRvqVVM1Hi8yNdPW4
7dy8heSXUKaX3nRLkQ69NetzQxZYNQgUQsCsvTeV8MVt,AYjbjVBkHctsb3i8xS1oW1mgJXokKnZ2yWHDdHQ3adkq
7CzjBhwh7CFXHyjLw86k7f63ZyJ8eLKR4b7onp4UL4da,AYUWF7ysoz2qdU6AwMRPzd1yjtrqaLU7wHnaG4YuL2nG
Cp9V3qLnjjCH7SNrEAtjqywqeztZKpXckDK13BA3EBU5,AXxTKr9NJRkbb6HsihZTHFPzdJuuDs2hNxvoamigsZMc
ZE4LyYi6TyjoEs4yPvGfCfXYAbmkptN19J7o5wPP8KY,AXcWT5KZxhxBYkDnAP8FXiQsFo6dMx5hvskY2byXra18
Fs3M34Y4F3PV9K9xenfdLDp9bBXgp5ZF6utxdaXainY3,AXRCKJb3L4FwNDLuDek3m9Df3fNK2ZTU6ccLtvrSZfRT
85YK84ReFwLbpjBf5Pd16XuSHasvCzc5WQtTdsjdK6r9,AWxUKN61te3K297a59NgKj5CWsrGEedweef5fBCt9kSt
5JzZbgiDiJwUo9PPJAzcB8wfZbkcJEytQTh4HB1G4Npg,AWKatNoQpm4TeBkj2mKfUDnB6PvZgZDYpKAC7UXdxEgQ
BGgNvgCkmqy1sB6vrqZ6pF6me3TFjJP29Tg91rFaiL7R,AVvjfeT1XLxMk7RdaY9vGmT2qK3wPt9MsS66r5BakETB
8Q4fYfyDCD9vHBxYqdFww32SBSVWFy3N7mx5tyyj5KZb,AVeyqHjAHhiHoxLC4FFoK4ACrQgHCyxwLS9FfuUBbeip
25wDL8QjQKc6QgLMCdjdaUkDZxoetSVSjqTkBCDN5Xqi,AVQY5AzpGb5hcEpVBthNDoi6ZtkBCDdG2PAb7DnQMQ3s
57Ccm7yoa5YKVXehJHAQ8WwK6CXc8RL87gG53xYdrJex,AVFwMNoP6pUo1VkC54rqRLTetFVCRr4HzLht8hTQW8TG
85YK84ReFwLbpjBf5Pd16XuSHasvCzc5WQtTdsjdK6r9,AUBm2ircAPZzLbF2nkCpGwHXo7oTaCowzAqYKeUz86oM
C82C8jRXM93upcqzK4ftDfdyfrtqfmNEiW5N11Zzwyrs,AU6UXtfmoh4j67tFCHnMWXRgE9MXHTpHs6JLJ8146GKb
A1DZeL4TBtGvKb11ei4eBoAs1aRN9fB6wjgkLY8ER2dg,ATiVcGmU5qacrftmohj9SNUcSkqsFSin8fwn8iD7wvEz
8G4DhPREbfFXV5R1R2jtibmPBfsaLV5eHTfvKY7S3MDy,ATdekSfpFNRzvHcJKgANWSDC87s9F4A8UR7nZRGNJNMr
7dy8heSXUKaX3nRLkQ69NetzQxZYNQgUQsCsvTeV8MVt,ATTXfG91DUuwn3BUCtw8uvUykgrRctMRu44q64w1hUN6
ErvEmQWHfnvJX6D5VkPQorEWKYf2kKbVBemXLq8WzbKK,ATTCcpnhtTJYGCu1qM4agvD8J1p2FMnTRN3hVgTwGRdy
C4yo35zPv7x1MxRpMYeDzvAYYsaWur22mrZ282b54ySM,ATHambX4HfbbUMnJKw5k2zdwhj6CK14ahyuoVPLR7wAH
8qFtBr2L596BZbtHwoNGWjKPP71VVb4PRAGj4mJknXbu,ATH4XytGCb5CWr3N9VjtCLndcyk7Ho55w7EmW3BqTeGW
2YKUB15BsLa4a6WVuHbMtjWyuUq492tnmWgJ3BZ19An5,AT939t1WsUSYUZR5x7dL4EqzaZgCQf85pHZt9ZcV9CwX
BdsrCk3DRm66usFF37XnNqJWsCX8WPgwsZ6Nw9gxik7c,AT5Ee19UoLaVLEb8KimnzF6HAwESRJwc5d58x3t5hSXo
4YneHM99T9kgpbLbnS6ysbVvBKL4cLwvqNxvWyFXB8Rh,ASyiA3Z2VjDvE25ZxhyaJnJAokg7qLLKHdEme6GALzkH
4zdNGgAtFsW1cQgHqkiWyRsxaAgxrSRRynnuunxzjxue,ASNyANF8C6r9MwNakL7ZoUvQEdwNLdHKEPkc8GJpDsDS
6Pb5U7iSSkq7YcTeP9Qdwi9dfNcRpqgSpxA5wWuU2Eau,ASHDebk2wVQ3kwT3BGMxYZg4PHXyA96vfv5eBYkNQkWT
DZGyo9uB61bXihsKNv2yEie7XuwHqFwAnoPxqM1ML9yg,AS5o3EQSLaQxQpq9iy1D59ymc8QVeHZDp6diw5tv8jRn
3ukVQkntQ1Ydosb5yMrwA7xuDbbRij2JNSb22zYLWCQT,ARYHa52asTjRt4ikPHm5gTgkCzZ3GM6ojpDQSsAdMZSS
Fs3M34Y4F3PV9K9xenfdLDp9bBXgp5ZF6utxdaXainY3,AR3hMn4R7vWthA89DNH5b9NM1ePipSjCMTFLpRB5bpcd
46HRYafCqKcAaWzw3H5QyXuEATGxR2v3bgQYyW2mRRdb,AQmZC567z75PoTiuuHhEkcrAv2vqkhsawdLMuvVpnzvR
6m1P9dFF67f7bJhCch64EMNQvNTqq7G5JdyJTBUBSDUY,AQi8YJ2wxEiviXzvDgFRY7j6AKZnTQejR3dTBH5pktUC
GEJ3zU94dgUcrac9QQF7qfF1w62toYhXYDKKCES8pXuH,AQdLZTrXoPB4pyDm9cTxfMpmn1C8TL9m7X9Vcc5YEYNA
9cqeRXGWapyDEUjBj134KuCA4szjUrWQemz3RkHZB9PZ,AQYu4zwXtd9psZKEFP4jYL2zUjLAodWW3rCbyjbKstAg
F41EVDtEEQLjG5PNiKMb5fWHAsEizXpg21UAZda1UbsT,AQ5ZYXPumDNuHdD6h448EftfRiDrk5115V3rJndzigHS
4upfou6k7sensN7b8LFGFq4zekUaEFX1Gic2fSjgbNkp,APfinvV1vC7vya8vLZaEsqJ18X4Sj5qqtPhn1Uh7CJYW
CyRzuuStoZQebUE4xQM5EUbvcHvMzGxgFes6xdRh9RiJ,APUdQzQapbpyeVJWJiFWU8v5SUNJz6ifsReoTLBFB8ZG
9wZfVrquxEzQjR6fiGmP4s4Q5MwQFFTDFaGwJi762JLK,ANprkrznLbbKkdqh73yerZ7HrtjSWDUbPzSq9RV6nUbt
DdYTN3KVcDD1vsq62vsEegLvnhobadyi5xW2WdTE55Np,AM6w3GfczELGUo6fHhx8GWYKZE4yXa5uDa8Yjfr14S5J
5Mic1WZXEySfSaeghLahBkqbS52i35vwmG6eAPEc3oph,ALUFw37CDeWzcGRL87TjCKw73oRRhrwg4y2Zyr6cUSYt
3jY9PfKLema2fw4MVg6Sa6FGnJcMwZH8u2WLnHEEkLmp,ALLin68zm9bk2eGKmm9mjBh5JQD2UiJqiZx8UEPhvjX7
7mkr2BaLsRu3HVp23tM1USVbARKbawC6AWKDPAYAvbmC,AKqh2vc7zeREnb7g21qAECWoDiBCsadN26MmTah4gXBk
BgcHttqUndz3koLtVUqZELci8hfFtkbzJoxh8TWZJHVv,AKRjecW9fFUvSrLU1JcbFWK6n7q5JWPvPD5C4xH8WTcf
ZUUcxZPQkMGXyVpQVp3YUv275T7yDUjS65M9i1noJNx,AKPZ29Vk24MWiFT2nFqPyckdJppcRJizQRGVcPkRZNxs
9p899K1oqsC43CBXaoj99mtbkadPr4SqEAPSdVE7aQ6K,AKCzqtFDu4bWif4YRjCqJnFHaiXGNj8CVfVd9QcHQN8e
ASF3M9SXSmuobEFg1uk2P6agRdkMWSeoCYkZu17rtnMt,AJjQCpixujAieLWJrZ9f3RsDKKYKsvTrjmYzBfc2UqfD
ErvEmQWHfnvJX6D5VkPQorEWKYf2kKbVBemXLq8WzbKK,AHhJWKEvPzWEfbMCg8QvytzxxLUoYNSTiuNVrvJb7wp7
4ohKBnA6HLNp6VXLHtBNtEH9JUb575AS7rJT1BFaKo12,AHR3UAuBV8cWVfQo66ogKSKdsd9DRp2SiPJB5y7g7MQx
3HpsMQv5vnUHW3Pc8sbU8U3KTGVd98Aa6pJUu7zgQwzU,AH2LsiqmuAGhiMh1R36wtNidYvbekrQQRctoBT8TASS7
7mkr2BaLsRu3HVp23tM1USVbARKbawC6AWKDPAYAvbmC,AGcncKJv53NkphtVvSwCw5iwnovYrReFq9iWoBzj8854
DmUPpRaKFTYAcV6Wk2zPjLSRo2XZ6J7qK4HMmFtsnkQW,AFhL293UqsSZtHJEaXAV767nxuCUkkyBAwHoTwZMYY3z
G6bfDikmBmntCLcLdFTQhZ2zhqcuWygDpgou2Nq8YqX1,AFQRtymJQSsam4WcgUwabx2QPT4QAhMta6SdCG6ZvGiq
85YK84ReFwLbpjBf5Pd16XuSHasvCzc5WQtTdsjdK6r9,AFBHcQjRUbb5mZoBY69S4AT7fRqqhpKyb4jPrcVPK9RU
BbgTRsfwp2F2nR9eE3raNUGvXgraySTFCWyvvXz1GiwY,AEwLFmucTiuT2jcKWoaH3AfP6mr5zfe5k5bFRiz8qQRg
Euxe7kjt1FrwofzTu5nXsn2LcKh4RbbzJx425ryqnvBx,ADvKAFDkX1wnv8mA2iCxAHSHPeAeXyZbjcEpp2ozvijS
HMoZN3FEvxuecjGETQMa8EGPsCvibAbPfXP6h3cL4E8b,ACfEn9woBm9Jr6yVVFkgL9jnyFPEScv3Tf6Hq51v2KGt
DtY2o4h6TZEtQAsV85LLLzLENWnowP9Zehk3Py5YNPfM,ACcYoN4ajTdUJ4SBHPjGGw8umh2MTuYFqPxzf8pKj82y
A1DZeL4TBtGvKb11ei4eBoAs1aRN9fB6wjgkLY8ER2dg,ACbBbyBLLgERi27urPhVo85xJkqhFT8PbX2C5TpNhTyX
DmsFcT68wqampP78Hm9E29DBLG99FuZJJmZAYw34uvrF,ACQjdeWFgLSz1yKztLJrZFieh4RKrSyQhv1kbEgUuooo
7mkr2BaLsRu3HVp23tM1USVbARKbawC6AWKDPAYAvbmC,ACBubxJvJtRjTn1Her19VFrvcSCpnwF4PgSDv7FwfiVb
THthoAPa4rKqfZLe7oqzW2G6BiQoAuyw4Ty7GK7a9WG,ACAZ1J8T7vGup2eRRXJUDyTRULzKkjk5fopaTiWbrwh3
FTrH7Q3jJ2gkPwvpgR8KDGtmewRbB2RKBeKYaZH7hiNy,AC5JCjkBKqgDWg736zuax4TtwX81XKPQ1iwAuBQYBKUC
85YK84ReFwLbpjBf5Pd16XuSHasvCzc5WQtTdsjdK6r9,ABmaqpm3RFip5w1wbfcVTwyVYetd2FXFjL2wD8AYTkKs
BbgTRsfwp2F2nR9eE3raNUGvXgraySTFCWyvvXz1GiwY,ABaypW5ZaLjgVsF3Bit3TH78fbecaXpkud6yyGo7spb3
ADCVvVamh4VmNQ7LRkYripx45Exp8ymvbGKKC8R18pio,ABVH6VQgUP8BDuWGy8hsQzBfgLY3uryqWuqteMQ5vqD1
A3FRThevKJVh8HijoNwhnSRvCRjnkJ3FyfLPeFbgg5Z5,AAx9DrHBtq2uD5rPQym5ZN62vz2j6FBfQshxDH7vyfui
BbgTRsfwp2F2nR9eE3raNUGvXgraySTFCWyvvXz1GiwY,AAdFqBSB4ydF7ht1nWkUNbet3amCUWbcuudi4YMd2Gpc
BGgNvgCkmqy1sB6vrqZ6pF6me3TFjJP29Tg91rFaiL7R,AARUBFuoid5FxMPzXuPiXHzmw6EJmwydPV6QsCoVNNf6
Bg9RFPiBTovGK85dg2u4xafuyxqXBFHTa5hHGypGC2a7,AALpQQCPvaAqyXJSFZWw3hovkbyAQCWSyYkmn57CBszd
FCjdGmUM3e51U8oviWm5EPmjsNMKxtenLNaVz8NjA8yf,AAJeWpF4cGeePeh76dGBcZjKeyJY1hH8hHtj4zE5AgtK
BjKPFxjSNfQr514tg4cdkv855adjMZvMN8keVHcxGojU,AADBbSiRgS4fM7Vh3gwcvvBYu65F9zH3asLuiKSBqPCk
THthoAPa4rKqfZLe7oqzW2G6BiQoAuyw4Ty7GK7a9WG,A9eWLUsfaAV88d5b5qefZwHsaP49N4EKdbcAzNXvLgwK
9sJgTcsumo4Gwoc6V8i1P7p2RouhfFhaKP17VkUGZX9A,A9UHh7dSV1RdM7gomv48MCPcsu3dg1Vw1fZRiCBQjEBw
9sJgTcsumo4Gwoc6V8i1P7p2RouhfFhaKP17VkUGZX9A,A95qQTghvUqP8fNUThPs6tnKxnMZhkRPFjgDej8s6YSP
7pLVofwG8ydYt6nyhgsH46ZxchyUno5RgWBDmAeDBD4b,A8uiBZ6YudG6aAhWD2XkmThEN7F7GzCr894sTespAeZt
7yEKqyfRMMw7idsttmkqXp2Jtc1ooDgT6aZ6jm3Vmqgn,A8dou8Csjt84Jgs9gWa8UdqqdZF1GrtEMwpK8VLWe8Vt
ECPQGL4oXtuk7HCraTcT3j6wS7yb9jn368un6JyWkrJi,A7SjKM3QjeSZvi4EAvcBvN1rPuZFrm8MgsWuDM68FqcX
BavzvGgTEuM6mbZtnyLo6hgFvwaEAQZ7vBtrCwYJDZHh,A7J9ne2neBK2x27Qit6GK2B4edeJJVZ5W6q1a5jNkU4C
8tK2wrpPnU5UtCzkh6HmcxjsiNq4gqJMdNrEwgxSc8WA,A6TwgvLc9pnc3s2v7cVcxhGQC9ChZAjTBr2R9SLJ6TqU
2SNNfXWa6iTMLJbE6UodKjPW5rXbiHaG5XG2TpoAh9Wk,A6Tjr9HDAB1F8ZZmPyWeRggd3ZdwfBZgECLEHJdhB8Qt
48uqggghdCGvUNWPtyRDJPr1QHcDQKYgk3zpd9Wzxkzn,A5jGG7NwLBiCm5HX6Byy6hXY3wrrStggmrLui6gTVCG9
B56NDdqVevb6K6aV9QwFkNN7VgNY3ZdjwMMCKSHZzC6L,A5WybwRSLNZsB1rQPr154VWVkVQgZAZsrZ7wH2ArsHsi
6jKoMo97ify51J2ZdHNj8d8vBvU9VdQvNfBCyEUaqagC,A5TGJiRFm1zcBsDJQC9MarD5J1oMKbjoAqzz1sdh3GGv
A1DZeL4TBtGvKb11ei4eBoAs1aRN9fB6wjgkLY8ER2dg,A5D89yWNFHyYjAnSxLw3nyZvpg9tnvTL6j1hzj6uS2ts
BgcHttqUndz3koLtVUqZELci8hfFtkbzJoxh8TWZJHVv,A56cNhLtf1hYU3hMWMkhpYQdaKF57j6ij8REuqGj7MF1
AotZMPb5Uq2f6EjXQYw1nRQC6RdQKw14DGfWpZt12i6E,A51uS3FWPKhxrwLxFAQ7zAmwVHgkEEfYGft5NpkyYQzC
GdCPGanQXsjRefzi4WBo5PwUgx2dmq7ST7ZhD67LeP8H,A51ozqUmMzQ5yTGdcJYpB6WwUuXccqUTnVAqxumGitXz
CCutrzdqQw8RsFEbAWNrLachSy5umQJ6f1f9rqXYfyMX,A4wkXGFkq8rxFoHQHWuSdkjbkr4eQqjtAAuGHfVi9J7M
HYn8C7jiyawxxYjVwV4eUzUw2yndmHYDBZb7zCFScp83,A4ahSm8cEiHQtg1h1xb8JvNaKurq4ytLcLYWy1aa3nu8
G2acA5E8jErDRG5Z6r63PpEJ3s3pz8aou8N9qiPHRgfc,A4Y5TzhX8n3ZxHLYz3mvjxspWcVrNrHFYrfcm2eFcLvR
85YK84ReFwLbpjBf5Pd16XuSHasvCzc5WQtTdsjdK6r9,A4FsKVSBKuSVm3Ej6fW4PvdUPueBLo7chKG2wZcELkNi
GmFonBFUe4m8YEmd2rNsjxFCV5nNwFwN5s3PT1tR4rev,A42sJcubqJLBZWxZbSzXwXTXssLjYmpQGTvyqxc9dihY
J4BKzARbSSrPYUn417JsSRnHHwNAKf6YVeQPpokaYMnQ,A3Y4Ce6xvDS3ejr6UXGCUg2KwDwkDrYUezVdiiqcjj1Y
C4yo35zPv7x1MxRpMYeDzvAYYsaWur22mrZ282b54ySM,A3LNCBCbcvW7McDEoPry6Kb2E5ACKZNzNFxJqEsszu3G
BdsrCk3DRm66usFF37XnNqJWsCX8WPgwsZ6Nw9gxik7c,A31edAghhgMUuaLMjUsB9ZmtiG6QZbhBpcVcC5aRVf9q
85YK84ReFwLbpjBf5Pd16XuSHasvCzc5WQtTdsjdK6r9,A2ia76bN5xSrVQzvwJgWGQmHveyRAbjQtGCkwbPxu6T7
ECPQGL4oXtuk7HCraTcT3j6wS7yb9jn368un6JyWkrJi,A2UCcPp8Ti7Ss57VWcR2dnzcxSnp74bc7EptJp7Yfosy
HMoZN3FEvxuecjGETQMa8EGPsCvibAbPfXP6h3cL4E8b,A2FtfnSZRaU8qrWCCZkZKyKd2t94tQjyfh85YEAwmyA7
634kT3tiRgDm8szFewBNojXkZQcaKQZdasD6QdoVgxMk,A2BSxsevcZgTp6qf3HmUeVgFoCF56ddNoCaQXxLcwMsV
3ukVQkntQ1Ydosb5yMrwA7xuDbbRij2JNSb22zYLWCQT,A24Rtq5VcF8tiC3c59YeT9cVYN4D5uWTzVfJdeBRBY4i
3iaifEt8tYv7GCt86D94cycDRgLNtY6HmriutqzbTZ4G,A23DykPxoev3tQz91pbkbaxw21PSXGfdy8W1NZGBwGpt
Euxe7kjt1FrwofzTu5nXsn2LcKh4RbbzJx425ryqnvBx,A1iXkVwTFk4NjV7frManUZ6n48bpQfMY2mzFiLRnoj3M
6vqoss21CAGdcEYNnQ9zRMbXxaBNkXh2wtuBan7z1otj,A1hgZhPHJSuTSd7H78utannh7KaiMrLXxkSMgZUnPSC1
C82C8jRXM93upcqzK4ftDfdyfrtqfmNEiW5N11Zzwyrs,A1eVjLMFxwz2sEtW9V7uUwLgdxCFZDQQ1mNnB5UA2dPc
BdsrCk3DRm66usFF37XnNqJWsCX8WPgwsZ6Nw9gxik7c,A1biwAmujxRNTdj5bFFzUE12vURJEaji1oLxkhnfBrZx
5JnwprmioGaGNqzqSmeL7vbUwnE2ta9B68pJ2xRMHgDC,A17f4bb7snq2oj8TxcPMKBgjGF9xiagJWCyuMCQ98DDw
BdsrCk3DRm66usFF37XnNqJWsCX8WPgwsZ6Nw9gxik7c,9zzFvMEgYzWzm1KWP8NFZssaLnEfuMmeA5mCVTb9WRyq
7mkr2BaLsRu3HVp23tM1USVbARKbawC6AWKDPAYAvbmC,9zWxqaXZYEgJGyrZPmpDMgWZHwfdH37Hq8DkmZvpouUo
B56NDdqVevb6K6aV9QwFkNN7VgNY3ZdjwMMCKSHZzC6L,9z6K1U7K6xgs25z83hYeCxSs12FuZFtZU9P9Uvfk2NNK
Cp9V3qLnjjCH7SNrEAtjqywqeztZKpXckDK13BA3EBU5,9z5n3qNZ31qEHaCJSKe9ZREhDhDdGiGDvBst9oZjH4qK
3ukVQkntQ1Ydosb5yMrwA7xuDbbRij2JNSb22zYLWCQT,9ytbC8SfrvEjYR81ZQRXzk5EFZwPhS1eEVt7WtDHq3Jo
85YK84ReFwLbpjBf5Pd16XuSHasvCzc5WQtTdsjdK6r9,9y9mYk7NYKEEneGRu58SETg5cUwqZnfwCxDcrSxGj9QG
G6bfDikmBmntCLcLdFTQhZ2zhqcuWygDpgou2Nq8YqX1,9xSMLcvwyo8wJeFyTcxFGWYKKsneCJniy1TbBTZ4m45Y
51o1kfbAJmEGuCbBg9sESpqemPwZgdaTc46wRQRWZ6WY,9xJ3tFfpG1Jnhy3QRNbRNhFSFbbkF8W6vzi5MLXzcZhY
7dy8heSXUKaX3nRLkQ69NetzQxZYNQgUQsCsvTeV8MVt,9wXGe2ShA9MN5Nhhiha56DKYKryg5zYfrx9BxEJviowC
A1DZeL4TBtGvKb11ei4eBoAs1aRN9fB6wjgkLY8ER2dg,9vfnzQzkZAgFb8gQyFWzadH81ooKVSUbHG9tFuPgN31v
gCv41sQZpWwVx7K8ec8GqtMqVqJBkmb6p1bXwbNZEUJ,9vE1P6uHTxzAnsd1M16ZqYFFZXSe96Sg9zcG3qq3ZQP5
9DRQpunpejKwU5jVvFUm7QGmeNjyaybvh2s6CkyUUT2T,9v8Bwyb8SMmxnmFgvuPxFAFXrmQ3XimJpm5TZhU8Knj9
8xCKu6C2k6pMYfvV6j22Z3AKFt9sR7rGx5cQ5sHjKv9W,9v5KdxRT5UWnTvGGURZuCwqm4RktoQ7pp5AXmPERJLpW
B56NDdqVevb6K6aV9QwFkNN7VgNY3ZdjwMMCKSHZzC6L,9uaPWpBgXTkCPeAEpLJRrW5YCpDBzCR8B8McGtfsX74h
ECPQGL4oXtuk7HCraTcT3j6wS7yb9jn368un6JyWkrJi,9uT3z9HD4VvizxtEyRzpBf4usW7wNZRaV5Wm2yP4iRWs
7mkr2BaLsRu3HVp23tM1USVbARKbawC6AWKDPAYAvbmC,9uQJSSKMXX1vQpWd3NKW1srPrKDnXDbGNVVNyZR1M6TC
ZE4LyYi6TyjoEs4yPvGfCfXYAbmkptN19J7o5wPP8KY,9uLDV6e5kexFvD7ecUqnj3NTd6V1xwjmpLncZauS5Fjt
6p1jx9nkH3HSMVcqwLrNKhHfsL81sozh4bWzdUs3iHdb,9uE7bDFjkZ1sMBoET21Dbzm66oKJnmj3XmxEWjwtAgLD
GmFonBFUe4m8YEmd2rNsjxFCV5nNwFwN5s3PT1tR4rev,9thagVNoyW2s57WkKkxB9h9X46fBv2cRWqU9ERHzpJcL
85YK84ReFwLbpjBf5Pd16XuSHasvCzc5WQtTdsjdK6r9,9tadPJUx71hDZRQC1Uh6Ehy9tDJ7X6ny7xQ4opfcRRDx
BGgNvgCkmqy1sB6vrqZ6pF6me3TFjJP29Tg91rFaiL7R,9tHTwNyjv2buSgLZnYQbDgBV8eB8Sq2W67Qmi2AcitfM
DmsFcT68wqampP78Hm9E29DBLG99FuZJJmZAYw34uvrF,9sw6GWAk6torJcbKWZ9yCBEY5vH3vWkR4phAWajeUGZc
5WYxMa9Hs5dXk6HUTH3YrNw8LtcKsYcDV6q8b1VVBhzz,9sbs6X7YEga1kd7CrayAvwobsTEpex18PBvzJS82XgBT
1BWutmTvYPwDtmw9abTkS4Ssr8no61spGAvW1X6NDix,9sVmgMnXz7YegajCPYSPooKrtBqkPvjXeMfhmP4aEEaQ
85YK84ReFwLbpjBf5Pd16XuSHasvCzc5WQtTdsjdK6r9,9sBDkVGuUo7XL33PS5sz4n9ZHBQLrhJWMzvEjyRHjMch
7mkr2BaLsRu3HVp23tM1USVbARKbawC6AWKDPAYAvbmC,9ryxHunRBpZ1KzkorJCm8ZtyrDXgTYr5v4qL389G9bEt
1BWutmTvYPwDtmw9abTkS4Ssr8no61spGAvW1X6NDix,9ryPXE8UbN7LuV53ttJXHQJ19fMJYcR35vU7tXfL8vC2
B56NDdqVevb6K6aV9QwFkNN7VgNY3ZdjwMMCKSHZzC6L,9rjuJEGXipQZUgZWpsYdVBG7XZTKZ9KFwcFWQifScApm
ECPQGL4oXtuk7HCraTcT3j6wS7yb9jn368un6JyWkrJi,9rh7EouYupaG6VXSaNdKRx5caLJ2PXbPALodgAubE2oz
A3FRThevKJVh8HijoNwhnSRvCRjnkJ3FyfLPeFbgg5Z5,9rR9oDqXiYHAvjYTHKJGQCsTTkAiPoiBEneVpMYCoM69
8Q4fYfyDCD9vHBxYqdFww32SBSVWFy3N7mx5tyyj5KZb,9rMTkL8QbzkHKCrwvrxcv4VKWQA7ZBXD4qLodi8UawkB
7mkr2BaLsRu3HVp23tM1USVbARKbawC6AWKDPAYAvbmC,9rKu1hGPHat1DWTwoY3KiC6pa1VTb98VjBcwT6bDXi1J
HuFJ34mrFK2LCwgaTL8vBr3m7tZ6QpNFCjr68tw7wetk,9rDrpDdd1FPa3riL17kVq6JLqhchyx5DtKr5F3M96Xx8
APMZny84AZDWCY33trBMF9noxrLAMRzH8Yanau8hn6Fs,9pCbV6qFiXXxFACACC3EB1ijispZ76dUoZmNuQSXg1zT
ArkddktQ1wvSyLbqoMV5AYMZbzBAn79QogmS4NYsA9Np,9owKuMNcSi7xZPwrTpz72Q6rncvkB1X5k2KfisndRiji
CyRzuuStoZQebUE4xQM5EUbvcHvMzGxgFes6xdRh9RiJ,9ohvbdYX1iW2T8H6zG4XXKtAPuoZjbdC6jyYp6syiKyf
9YwhuzWGkViMwL1SgF2ErtE2zepTyNFaZvDA6ychjGHZ,9ocYavanz9YDJ3WMDFsJ8h35UhRE1ywsXzSDNfAtqnWV
AYaLBiMwJCV5Jq9gM7HHVjP4QHvA4zuMfpSdrJRduAZm,9ntJrQgQxP69r9nRctx2YT2UakKnKU1YEWmitwu6Nbre
7pLVofwG8ydYt6nyhgsH46ZxchyUno5RgWBDmAeDBD4b,9nhbEBC6NTmGBR6KzwrNubLaJky2WiW8z7CvKAn8EnKF
BXkDKKMrfpv269zqP5SaaqkfvfNt91LCH3rLsuYj6HnC,9nAcYNZaYGHekQvMFPQQGJbWwwRV7Km46fsx8nw6Vqie
7dy8heSXUKaX3nRLkQ69NetzQxZYNQgUQsCsvTeV8MVt,9mognef6mcYMM4HL3ai4QfSfa8UARPnkii1rDnvbziij
7mkr2BaLsRu3HVp23tM1USVbARKbawC6AWKDPAYAvbmC,9mbKBwTn9sxQizmFK4c7gVnJC4MxnmojCVkTmQzSZKxN
A1DZeL4TBtGvKb11ei4eBoAs1aRN9fB6wjgkLY8ER2dg,9mWiQcyYwDumSfaG2R2kTAftpAPBLxbYzq8HFGQRHv3H
HYn8C7jiyawxxYjVwV4eUzUw2yndmHYDBZb7zCFScp83,9mC9nLVCzKmSotF7YiRifK6Mti2AddVh6e5NdcevtL7K
6dTJGqWv9b2mmRsNypKAVHJisFNg1ayJsgRm7XQR9eBY,9kMsjC2CTNuntYjNm87pUfhEHAoRC9CSLqPb3mmbgMwD
ZE4LyYi6TyjoEs4yPvGfCfXYAbmkptN19J7o5wPP8KY,9k7UE75omkqh5cggCPZ7ZkWuvjarZ8WZvTHmVUqKG4Ke
85YK84ReFwLbpjBf5Pd16XuSHasvCzc5WQtTdsjdK6r9,9k31QKq1toVaPMzL7J1DyJiVQmXPezN8jmNRdZ8iN4uP
7dy8heSXUKaX3nRLkQ69NetzQxZYNQgUQsCsvTeV8MVt,9jpsWa2XSAB9Gc9aViBiB82n11DnoGAZ8mxPfjgiRJUz
DEoo1D7gLk4LWtEeWhMCvdpNV8ZvAB7GwPaSAccaxQZx,9jMGiTg6csYpxmbPqjcPUZay433fU9UoX8YzFW3adELL
25wDL8QjQKc6QgLMCdjdaUkDZxoetSVSjqTkBCDN5Xqi,9jDrtB7YBmt9uHgBSwoxH5ZzAedW7rrcg8zX29yvihER
85YK84ReFwLbpjBf5Pd16XuSHasvCzc5WQtTdsjdK6r9,9ifeuM35WyVeduhJ68fBj8Bg7cJnwTfoY5VC7cbfrbYD
7dLXpRxX3pZw1icH9P7AxBC8gN1efkwSJ9Gt6BVexhL7,9iJWDXkjVyhdPBHCzkMaT6DJQ5mzwwY92ngr2T5dwhNN
8UfB2sfsFsb4B7xisKj7wYKWbQrmEd3nF377AaD9yf7h,9iGf6AhJmFYXpxCNZHwRE2r4gdMNwdckLZUnF3V65V2a
3jY9PfKLema2fw4MVg6Sa6FGnJcMwZH8u2WLnHEEkLmp,9iCnc8FSBEUbHgiffsGPoW2xsFr7GnJG1889AUhqa6ax
D7azRMpP6TadeMHJmpjb1jRhrt3im6kreJ93Sq6DzjJT,9iA1hPLD4WnzwdZW9d7ouULDdgPsLPpK62ChqEQSSSmi
7mkr2BaLsRu3HVp23tM1USVbARKbawC6AWKDPAYAvbmC,9i3YiDtFvGc9F1QZzN17oVLeHcd7Cio2121CSyDHNp78
AgwzDjcxtc1yyHGjJLjE9XyyXa2sP5yBDmqwUPK9FmJw,9hT1zGxof4EEmg9vWJedCpuTffMS22sC2TzKtc7ZJJbE
9VD9NqkoYkRrJ2LeGUeEuVsgHMNtvYX6eJ5cniZeaBga,9gx2nEGCha3oEQbydb9bQu1rJWc8stQ8NUG5rXLW1fL7
6HZ5BjrnLRkxC1V5E8mW2t9V8SxPhzz1RM8mBUQxxQ7Q,9fwESXgERiKj7a7db5rVKrBS1JKgd77AedcRmGrUb4r3
A4H9f41rngpzGE3ZUJTyBxLfB9LtH3q6WtGcwcyK544C,9fC3CezpBo9gmLZbbhbVQM53Tm55w44HknhAiiPweM8f
HGDgNDA2zuYXdPkiU2JCgQ2h8NThYFCTvV1Gp6Q2vyw7,9f5xHyK6oetov4WXauHryMLo43iitoZLj4yjtPLEdoBv
65ZMdNjUbHMdduPCJo4M5EjBtuv5TcQwBGxAvVRCE3XJ,9f2aBJ8XzrZBcsPGAyM88eKb7KJvWXe4oMEHqSmjwQJf
DenXVLRxRR3yrXFzwMEpnuizCcP6YMpaN9jUdZy2N8hB,9eXgW4GP7zfzn1rtVnSdhrSHwNMZnRC1ba3zfCaEdonQ
1BWutmTvYPwDtmw9abTkS4Ssr8no61spGAvW1X6NDix,9eLaAKBEgvXYxifq72uJwF96Xiz1ANSG2KrobRJP7tbd
A4H9f41rngpzGE3ZUJTyBxLfB9LtH3q6WtGcwcyK544C,9drtpeE3kbLGZ5PFfN71qL2X4czHutSy1UeuEDf9TrTY
7dy8heSXUKaX3nRLkQ69NetzQxZYNQgUQsCsvTeV8MVt,9djWS8jfG6ASofyLUxhL3VrgeZy3n7xSYHKeC7A9REUQ
CUPNoyHknGX6kZAuT1jYDetju72twB5qY3awpm5Gm6Jg,9dZARaa7LaAzei3oLY8jwjJvwQP6RUCsJvuYAWTX2sVk
F41EVDtEEQLjG5PNiKMb5fWHAsEizXpg21UAZda1UbsT,9dDuyrnuvpxNdaVEKst28Fd7gwSw43xWMt3froQtTg46
DCLNy3XtMgzAUBseM3BatZE1Bf5KgA67hWkcGTqUgALd,9cqWXTEM4BgWvJjgED14Z3EVXuJs52TnNmPAArci7kJy
G6bfDikmBmntCLcLdFTQhZ2zhqcuWygDpgou2Nq8YqX1,9cUsoAAWSYhqvkcrdGJbVW9Zqm9i2qunxvah6dfAgobC
J6QhDUwG5A7fha86ET2Lky8iauiMpYTUFG8KUxhAXLh1,9cM4FZ8kwqeFC43d5mHc79WVXvEgxnkzPjJWKPzDC4eW
4YneHM99T9kgpbLbnS6ysbVvBKL4cLwvqNxvWyFXB8Rh,9cEVqfD3LjmRwqQTqJHCdqtCJcwRrbT6n4iqcsUMSP9F
6ccHryyBkCEiCMouZU1a2MqZqgJA5NU1gkmrS5L9ajsf,9boQCVqz1tWN41inGTxd6NpxVnnx1gUSoBkjJbfinbmc
BbgTRsfwp2F2nR9eE3raNUGvXgraySTFCWyvvXz1GiwY,9bi29tMU6fAqPdTrW4DQvsj8EVnHgLLwHmjtZhCf5tpJ
ADCVvVamh4VmNQ7LRkYripx45Exp8ymvbGKKC8R18pio,9bKYbJtFEKr2PKGvQmYjm5au2oBz4XvEA6bKcVLw4SCj
EDuKpEv7j2oUxH1PZiAyajBk2VfQwR2RiFwE9YQ9mSzR,9bJW1gpTUnDkw1wDJsFQVRiiqdob3DMyMEM5KVaC2LsJ
A1DZeL4TBtGvKb11ei4eBoAs1aRN9fB6wjgkLY8ER2dg,9aa8D1p3dqq1nWYQcQQAdr7QVDtzp8XLqWv6tmpNejSw
4VFm8PadjSBmyAn9F1MqichrvQHxaJD4ejequQYSRJHG,9aRuDPsUgH7uGGyukRfshc8f19AZSpJfzc2YqsV2pJCD
ZUUcxZPQkMGXyVpQVp3YUv275T7yDUjS65M9i1noJNx,9aCh2zXsYge57knWPhsGmZDjTfcCMBHBkr1xEg1YSksE
D1bZDjtBHgH5W7ZqVUNA3e3mrKixxnGZfqeq8MfTQXnr,9aAtM6NbkCokPJbVYLV17ypPkjnqcF7jn5nLFh5z8BU5
9qb2tFCsp3VPz1mtB6VY6W98gozyGLw5pAYzFwxLTSep,9ZdjJ9fEed1r4U4ehwsWNPSbRfQRQyjybbQX75frG5iY
C4yo35zPv7x1MxRpMYeDzvAYYsaWur22mrZ282b54ySM,9ZDiy3uTHW6GE3Kr3oDwhCBYdkZgFvzWbCG9pU3ZXmbd
CyRzuuStoZQebUE4xQM5EUbvcHvMzGxgFes6xdRh9RiJ,9Z6cWwiQVb1fWR9yJ38v9QUzLgUFm1fJ6FhkW2Hq2ehZ
E2kjB8GZtdZsZo7gvJyhc2gYJ7tNNYWqHCRQY6GZPpE8,9Z1uDvHYJ8E4VKFqqHMS83nC6wdjxVxmnpi6DZtg5KVu
2YKUB15BsLa4a6WVuHbMtjWyuUq492tnmWgJ3BZ19An5,9YwoZGrRmYypWyNFtX5YPnGq18dEqLoVEsgvtXjBnZAC
DmsFcT68wqampP78Hm9E29DBLG99FuZJJmZAYw34uvrF,9YstGyvFdk6ZL4z3RAU3DCdWC4FBTCoGajojgB1VQdAn
B56NDdqVevb6K6aV9QwFkNN7VgNY3ZdjwMMCKSHZzC6L,9YAQdA6fLpWajr55Gh43m71fCiTXJxCGMywU6otfZEUY
3Bq4YT5JhJdHspvk3FdaGKAFwabr2TNEp63Rhe8n82hM,9Xuu6B1gp2MRRETvUSnLawHxkUZtR1ANyqdPsbNQVggZ
GmFonBFUe4m8YEmd2rNsjxFCV5nNwFwN5s3PT1tR4rev,9XcvWbPcSw76yfa8pB1kXcp4GLXJAzUQ15dP2NrZ4Cec
A1DZeL4TBtGvKb11ei4eBoAs1aRN9fB6wjgkLY8ER2dg,9XUVRmR9kAmjyPc8oLNBzu9PJfjwvJhVzkZNaRbu7fUH
ASF3M9SXSmuobEFg1uk2P6agRdkMWSeoCYkZu17rtnMt,9XSXn1ixwf9wdGoRBaRyxkpMvKbzaxxvpEuFk6pHS2Se
DGDZG8yJpGvTKy2s5KrTgEThQeJQ49Wr3eCFVsrsCZ7W,9WajPwSDUSrmuavsUrhT1DMSUdXCiQijeap4RGR9BCDr
FTrH7Q3jJ2gkPwvpgR8KDGtmewRbB2RKBeKYaZH7hiNy,9WEW2yquoLuMzwhcdaeG6SX1d142sG25tSikUZs7B64k
3ukVQkntQ1Ydosb5yMrwA7xuDbbRij2JNSb22zYLWCQT,9UpGb1ieLKwMntrEZ2UyodktLQdL1xz8pi3EPvPgDq2E
1BWutmTvYPwDtmw9abTkS4Ssr8no61spGAvW1X6NDix,9Ts4mxC8Tu7Vg5Wjyizdod18LUASgAGNuzM1e3rDuUZN
7pLVofwG8ydYt6nyhgsH46ZxchyUno5RgWBDmAeDBD4b,9TPGXUjFySWroEfHmo6HJVgXCnzSd9KhEoyhVxA6Am3B
BbgTRsfwp2F2nR9eE3raNUGvXgraySTFCWyvvXz1GiwY,9SwvY4LqnXfVu9Ey8pwS8Z75QYHFmfne9ypX384RYiYa
7BMzc79CGC76Sauf6dq9QWwi7uaUPKqd4XRjtoxR4H3J,9SpmexkX3qoYb2XFLUWZvXfR2gjSzLL5BFJWzT5Dgvwq
85YK84ReFwLbpjBf5Pd16XuSHasvCzc5WQtTdsjdK6r9,9S9Xk11344fYQUR2asS7axZhNXP2d5BGnrTTmPRUXZgg
5RRzt5impbDhzGepEZj44JqTu7o6NmXNRKSM4rSQPX1z,9S76YuWpgsoTuJdoVqBLB5ekkFLcGrC1vSH1k2tLxVRg
51o1kfbAJmEGuCbBg9sESpqemPwZgdaTc46wRQRWZ6WY,9S1RQf3iwvurj8B9vvqPwpFhTvzx6j5xgN9Fof6PdWT7
7mkr2BaLsRu3HVp23tM1USVbARKbawC6AWKDPAYAvbmC,9RnyrVK7S8x5SMkHcbapBVv63UoR5Shncy8BT3hej9G4
1BWutmTvYPwDtmw9abTkS4Ssr8no61spGAvW1X6NDix,9RLWY1udkHc1Gc4mKB6AYmaAX21z6awDGm3SNveM7xCg
6ccHryyBkCEiCMouZU1a2MqZqgJA5NU1gkmrS5L9ajsf,9R4jiUVhaE35FAuDoJbktBEfidxSvu58y6TtXwm364gf
B56NDdqVevb6K6aV9QwFkNN7VgNY3ZdjwMMCKSHZzC6L,9R2T7o49kzp7scw3y2zK5LitKFNQpguGN69x4eBTp9L9
7mkr2BaLsRu3HVp23tM1USVbARKbawC6AWKDPAYAvbmC,9QzQ4bmuFRoxMeHDAofH666sqQ1UiXzFUhBBeTSMMHxs
1BWutmTvYPwDtmw9abTkS4Ssr8no61spGAvW1X6NDix,9QxqwmDyoejW8BuHp81cy7rfb9ybXr5rHmstC2r97aMX
BavzvGgTEuM6mbZtnyLo6hgFvwaEAQZ7vBtrCwYJDZHh,9QqERhNauTEPvbvS1LAqePoa4KU6zkyT5RfJj48ZTxaw
5RRzt5impbDhzGepEZj44JqTu7o6NmXNRKSM4rSQPX1z,9QRHsnut87jzvN7uWf7P625jz5dkpHgJQiUyrHhP9sQk
A1DZeL4TBtGvKb11ei4eBoAs1aRN9fB6wjgkLY8ER2dg,9PxZj4ztpWmNNNaNs3WbYZQkDseg5hmt3AbX5cbdJwoD
BGgNvgCkmqy1sB6vrqZ6pF6me3TFjJP29Tg91rFaiL7R,9Ps3W1duK4vTKzWJidmf4du16p15a6SmSvFqVgAQznN5
4zdNGgAtFsW1cQgHqkiWyRsxaAgxrSRRynnuunxzjxue,9PpUW57yg8E24QcwB9FdH4AQ2wHn2EkJVs4TD2NGGhKZ
85YK84ReFwLbpjBf5Pd16XuSHasvCzc5WQtTdsjdK6r9,9PiaHDKREatSx9Nw92VEU6jvTGobw6yKPnSaxC3mXn6f
yZBCQuVDYWBikW4nwcVRNpzmUFZoBB7zfbj4jffp5dZ,9PWCqDiRiDPb5mj2gjvC2qhEtNhDgTFF51nner2p6qGL
7rvBfawgMo7BvPyT79CaTXwPSWycrFLqLzyNZcT8PmVe,9PTLdA3DyT95wGEmUHyqLppXAR7svsytU7eTBbeS3Rgt
4upfou6k7sensN7b8LFGFq4zekUaEFX1Gic2fSjgbNkp,9PH6dXxyYjgdq5HSh2jiocE5zrqABWYxeGLSqY7HMhtw
Fs3M34Y4F3PV9K9xenfdLDp9bBXgp5ZF6utxdaXainY3,9P18zjGBwHD7cXRHVCC14uoCQQSQA2ePwfGdAKEFS5L1
6b9Z3phyNvUedQ7kcdN7uXiTsXfydPPraveJVNobmNFo,9Nxva4vE2YcSpH1RpsUrbT6si2uKYDbWLVugjhusQsWV
2YKUB15BsLa4a6WVuHbMtjWyuUq492tnmWgJ3BZ19An5,9MHcVzDSCGt1tLxjS6yX1qJDSjhZ9DYNAMiqwyeAg4vy
CyRzuuStoZQebUE4xQM5EUbvcHvMzGxgFes6xdRh9RiJ,9MEitRsy2RcmALJGKvswwrXmQTGsjpjGHFLydFx1kNLi
DZGyo9uB61bXihsKNv2yEie7XuwHqFwAnoPxqM1ML9yg,9LUrAJhi1s9DfEasRXffpEMuvgdWBoz7PDnyZH8b32JD
BbgTRsfwp2F2nR9eE3raNUGvXgraySTFCWyvvXz1GiwY,9LPEaJfeyhPBzQLde2ScogzCTvq6dAvtNVJF5QKoZntF
ECPQGL4oXtuk7HCraTcT3j6wS7yb9jn368un6JyWkrJi,9L9z58cQf2u3Lx6eNm9u87aLWfUPGkEzqwUvMFJT6MqD
5Mic1WZXEySfSaeghLahBkqbS52i35vwmG6eAPEc3oph,9KiQH4G8RRiyAJHtUV96z9zNxGWqwLb6pMQfiaZuaPG5
BbgTRsfwp2F2nR9eE3raNUGvXgraySTFCWyvvXz1GiwY,9JdXDc4fgESQuKHUcPQqfv9Xt1tBnC4mdcJm2MrWTbeo
3ukVQkntQ1Ydosb5yMrwA7xuDbbRij2JNSb22zYLWCQT,9JPGhSYqthKUhevGWQxjJ8ak4JrxmZzjmnhJ3A9k1md4
HuFJ34mrFK2LCwgaTL8vBr3m7tZ6QpNFCjr68tw7wetk,9HweDqyHf5F8Jzi7p4x5ZhCy7Z2EresmiGrRNdAngWZ8
5RRzt5impbDhzGepEZj44JqTu7o6NmXNRKSM4rSQPX1z,9HrocfnLTYaSnX4AyMsRUWMSxobVty6AcyzEznqLWNZA
BcwKgV5CGVKLYUAknebGrYUMN5P5BMvsASAePrPGiY41,9HKfTixNgd2ZqbFWMRVxgaZCd61hbACexSVYYqmupq2T
HMoZN3FEvxuecjGETQMa8EGPsCvibAbPfXP6h3cL4E8b,9H2xfyunVHTVnGzJNkSQn6joy83J3BEfRifHim69hzw8
7mkr2BaLsRu3HVp23tM1USVbARKbawC6AWKDPAYAvbmC,9GRdrosJzHAZ951sfpuQm5FZv6hpGto5sDppQ6sEKhfF
HfsehwegnmLwFmNdxd1NzDE5NoC3K7YER35PFsDutje7,9GPry29mhe2Br7WsJNvehexZ1cNHPpMttnByGhaHLUbT
G6bfDikmBmntCLcLdFTQhZ2zhqcuWygDpgou2Nq8YqX1,9GJyjcbai1azmDR2ZM2r3MkKE2fRAMbPzqZ2jhLrGxmj
7pLVofwG8ydYt6nyhgsH46ZxchyUno5RgWBDmAeDBD4b,9GFHk5sLJ6qt7Tg8YddxX8tKXMkT9wKVzgeBmbDxHkCL
CXK5oS64p31YGg9wzLMzgN1i6TinRnDRmTLp5q96PH6N,9FYJ7PkpegSfday9L2LjoERAFb4KuX28KmwFKzbuy6Ag
1BWutmTvYPwDtmw9abTkS4Ssr8no61spGAvW1X6NDix,9FUjYnbUfeaF8ZZMiH5zKbTXYuubBQxbQYr9vH5V9zuj
DenXVLRxRR3yrXFzwMEpnuizCcP6YMpaN9jUdZy2N8hB,9F4NnfMQw2S5z8jxkGUaxP346UdZtGL59kVawUXkkkQH
85YK84ReFwLbpjBf5Pd16XuSHasvCzc5WQtTdsjdK6r9,9EXbnBzP4ML4geDAyWzK34KkiYBAbuU8NokPxwKaN2os
GzMVoF7wgMXsKEu4bDFiXBQibDJz5NjSR38PptngzDr2,9ENpVeR61EnCopeyHe5jkxccY464hKd3p8g2GpQncXXj
8Q4fYfyDCD9vHBxYqdFww32SBSVWFy3N7mx5tyyj5KZb,9EKxqjSyQfQvaXHJfsKEPStfAKsJK638Z6wiaCayaREs
A1DZeL4TBtGvKb11ei4eBoAs1aRN9fB6wjgkLY8ER2dg,9EJjk9UV1eWL9dnhcf4rzQMWJimxowK9xbpegEQrdNsR
6LgoGQ1WoToJsJpzzUrwKKu3Ah6awF2JCmrxq7W56pgj,9EBVZPW5thegBhPNMQAomWJ5EY5yAXcV1su7nZCAuwki
FRiKTTtBFCraXxAdN9WbE9gHsJHauHzLKf2t53xiyFRR,9E3sEZM2vimWBMvRr6jEyJRnp5zvSgQTXj7EmgjfXagJ
28Cuk3LR96dTGU2n35qnEHpZ4tCXJaCvbyWadRqYMTWh,9DeKGaFFsvqxiQWsKuYCPbqoPsvPVhCH8buD24nygKKZ
5f3vSBHj3anAdWRW58eziTtCuTS4pEnXWZHWGBgLiesj,9DYh9Z7gfEQ5hNRLNaMYZoaJoJ5eonw6iBPkvUyR5v3M
5fPeiibACJDbQ2JZJNc7HMKHXvtC6KrnVJR61aANJPCN,9DW7p5kq4695MivU74tGEedRkkCg9hk7SDzHamnDKcoN
APMZny84AZDWCY33trBMF9noxrLAMRzH8Yanau8hn6Fs,9DR7wEcXSqxH6UqBvbuVzjQeGnzXwE8b7AcMB9Ui3auZ
7dy8heSXUKaX3nRLkQ69NetzQxZYNQgUQsCsvTeV8MVt,9CwRQZyWpWACuSANoXAYv5Xfx8dWPjMfDyLguSmi9vqD
EgB5YVLetV28Z98uTKVDUwuj2qyFEP4QBMbX9L4qRj7Q,9CZeRReoaQiH4PoAxTAtc9kb6zG7MnVhYW4mwAZTxSuZ
CkD3FbhZaLdAL1v5J8ueK7HcuQ2RyxokCWSKddE8yR4y,9CRWm6yWLfazbZDf2J9NuEtqzKxHMuLZWJR1e6PEccLC
BbgTRsfwp2F2nR9eE3raNUGvXgraySTFCWyvvXz1GiwY,9CNrKi8o8aUpLt4Pf3KTdnrm4fPQBQbWnXvKnkAqnsyF
AwPofYhKEjL9t1BEC5oExcfg58kwoepH1YYse55QM635,9CCiU1cX3y1SQJTV3c3oUdQhjvZwvbyrjrSGYP6r2kHt
HMoZN3FEvxuecjGETQMa8EGPsCvibAbPfXP6h3cL4E8b,9C1kP2asw3NLaMoSBNzy8J8xw82MUpj1QrEmJoRS5xub
CNcr1u2ABLqPm9Zvp8vhr39D4463ZPkiPQ8YNnFVxTWJ,9BaBZ6WbQRWpLLYsLk9VfDi3tKrjUePHF5vYr3jN49Uf
9HtFJQwY8tZ3XozM3UQeFFgi1Nt5Z3jfiMh56z8GBwPS,9Avf8YpbrvoBD3JPfdpnHBwrANVXZZgRTUFcXLuQcZ6A
8egJKnneyx649wBZ1oPFBP8uPVjRkPUjgrvrcwVRsTsY,9AspDAo51XrKmdbjHQam5sgeMD7RaCKuismwmB38vPTk
G6bfDikmBmntCLcLdFTQhZ2zhqcuWygDpgou2Nq8YqX1,9AoW2X8FzFd8r8s3SKWAiHooPsdbUXz3393BrW8hie6E
CDkTYfMgzqdkwmdwgvjFmPRWqtv9gs1uL2NwZWaMk6zi,99jJ4yPkCaybUsrrBDgYYLXmi26AKzjBenWkE68754QX
BLjtsrixbNWyDd3w5z33wyrttZ5MoqweSsnUJU9CBknJ,99h9sygqUSYC3cKBUPZdPrmsPt5YHUcYBtr2WBeP2YG7
vCGmz9PjfTrMh2uK23RkqToZ1Jn2yc44D5KiVNaMt9S,99X28RB1sNwsSgQAz7ddFydxjvArRKNtZhMBwFVyS3Lr
CKiAiyoxFaHCiN8jCCUWERDeuFBSrvFoAsT47pg8ifuL,99NUJFyeZXnjEuRwRnWrAsnSeCz7LmwoVH2RuED5otEL
B56NDdqVevb6K6aV9QwFkNN7VgNY3ZdjwMMCKSHZzC6L,99KY9ewAPnKc5fjF45JYP7VpG5UZ2C1zA4FFxXQJKFLH
2RhgUmMjxThKw6qzJkACw3bXG567uMwFLjmFc6igw1tD,99By97gjEDF4nSpn2mza8eDUEVzNt1oVs2aoy6zYvkRS
2YKUB15BsLa4a6WVuHbMtjWyuUq492tnmWgJ3BZ19An5,98ngdyre4qyy3YNe79ZPKn9187iNnQx42Ak33TRHpgRV
5RRzt5impbDhzGepEZj44JqTu7o6NmXNRKSM4rSQPX1z,98fwen1yNRH2Db9RWfr33i2hXjPPXmqACQp4nXjeCZ6f
BZnMTrS9X1p7aALFr9HEfuisPV9zNzJihmxcNrK2oGqT,98TPUjEnoudQ9TuGV5sd46AsSkWQcDpWpcSvcQNfBRmq
CP7Qr5zicBvVr4dvmK9zHo9e5D4qZFGBSotZQM6t6X37,97vQfAYkhVEkVU3u9PkA42nwXnaV1wveZMPALBRuEBNb
7qys5ohMtxjZ6YyT2nBiux5QrNamjKG363DifSJCVSa5,97kXQEpKYATuBd45Ud1AR4wXKNNUXUPCKQhDRurzWnsg
85YK84ReFwLbpjBf5Pd16XuSHasvCzc5WQtTdsjdK6r9,96wRqG6Vfjv9EVEUqeWkwkr2Ur6rzdG8oZW3UckC4VfX
BGgNvgCkmqy1sB6vrqZ6pF6me3TFjJP29Tg91rFaiL7R,96Rr7NhgMwpEUinHDvkhTfXooQ9Jdo5g6BnYFvPVS9DU
6TP8eLH2iqH1AsffWD6PKp9g9oTfpdKrz98z9KEV9gA8,95trPAdbNG7muS7dY6whnapEyTvVdWUEbiX9TSju1V9B
DXZLSgDKBMdSbE52ghmdNvypvhr9gK9iUdmScZXghDYX,95nC5PtkacHKWJfnDqAPVw1K96ux6rS8p7p38xZquDVE
Fx7w2we9k1GUG5ZidppcRKJgYmT2ZZCNMGnwXTrNXCCv,95kQV3thtJdbgn5u99L68xhfTS1vTjWKWbAbEAiKgwFa
FRiKTTtBFCraXxAdN9WbE9gHsJHauHzLKf2t53xiyFRR,95k6QPrpPRQntXT1Nm8NmMqj4WGumuFfT3Kqk8SMFwvW
aq3zvM4z3AX3YKTriqAYssotBUyJ9aiL8CVaSrp6dyp,95VzvDUYHc6YKm4MsxFcF6tGEc3mnQktbaBEvzBNyeKH
6dTJGqWv9b2mmRsNypKAVHJisFNg1ayJsgRm7XQR9eBY,95Krtudu7MoQ7Prz2eyk27s2WK3oyQ45ByZEp9FM9aQf
51o1kfbAJmEGuCbBg9sESpqemPwZgdaTc46wRQRWZ6WY,95CtEFVU5TgYfgy34sB8jV3rHaPi1iYDsWqDv42VvhqC
DZGyo9uB61bXihsKNv2yEie7XuwHqFwAnoPxqM1ML9yg,94pnWu613DS1ZebgUHsMQsuNFKJFg9pVeZ3oMTzS19c1
773aDzyDLsTy4VtkKX3mG6Umdkg34Xk8yfdtTTpzDBf,949nMeHoBFJM1sZo7YFfxjbgemmkrc8oxpKS5dQ3ykEZ
6tzGsLw4DzxFw7vXsGZjkgYxtRukUyWQ23jTTVWgvKXZ,93z4VxtXLo7M1nGxRAxYKSaWKTTGAKuNT5n8LGgBD58z
THthoAPa4rKqfZLe7oqzW2G6BiQoAuyw4Ty7GK7a9WG,93hvGubwwQZKM57gr8pYsRezysLKUaFWJBJuJVrKZ5uH
APMZny84AZDWCY33trBMF9noxrLAMRzH8Yanau8hn6Fs,93MaaiN4L6tdjjj7hymrLep1i8UwT9tybuWC4ZCGGgAj
EBMU1qZXJXNEST3rqVJtfV8worria7nM9qccCEawyHyX,93ERP2tpF43kys99MttP3Lsc2oq347UStdkYAF18eSYp
FTrH7Q3jJ2gkPwvpgR8KDGtmewRbB2RKBeKYaZH7hiNy,91o9SbqzjTZ1C7TWNgfHC5kJezejZxho9kvYykYmqtQq
6tqsm4PCS7TRzJU3tCj1erb7uJ23yxmhgea68BjqvADp,91a8e2nRuVhpY48Ygbzww4sKhJc2tcKLQJupaMmgkNUx
85YK84ReFwLbpjBf5Pd16XuSHasvCzc5WQtTdsjdK6r9,918Vgy9tD85bSaWGEWSj1tQQwopcYBitv3fQe3Tkamxb
7CzjBhwh7CFXHyjLw86k7f63ZyJ8eLKR4b7onp4UL4da,8zFtL8Zx46SiQD8e2MsdvBi77SkhJznrMqY2evqR2E4h
EmyQr1Yp1mDc864dV5VaNeVbnYe81AF1D2gpqdaYTjpP,8zBhHCD87y2o2j2zfYFuVvczp1sb2TutEoxL9TPq3Nvr
G6bfDikmBmntCLcLdFTQhZ2zhqcuWygDpgou2Nq8YqX1,8z9CQjRrfkmAbNi21A3uwSyuMw4hcERUdoJahBSDdUwM
JANhQDgNhrEGoyPeoY7Du1igPtPanSCz3ypZL2RMjDJf,8xuwg5qqbJuHRi551R5tbEBPGnawTBenYQuAbejhYrxc
5no3zCFbTdjeoymNnjGNmpZFVjbq91tqDU5RspMj9rbn,8xq8vx7cZw8a3Ejn3rR8zobUpwW4nRLqttMBmCAmcXnK
DenXVLRxRR3yrXFzwMEpnuizCcP6YMpaN9jUdZy2N8hB,8xZWgzjFGqjNGWXHmsV9VGEu76RGzBtuF3ypnUBAvG82
7s6g9JGg3P5vZMnW1NXqfCWMhz7q1ZYrJVaQL1CNsqmk,8wJvJ31jdVYaJgDcLqPdULrY9ynRCy1M1NsjrttgcAXR
FRiKTTtBFCraXxAdN9WbE9gHsJHauHzLKf2t53xiyFRR,8w6BUXVB9LjorY6AiMBKxm3SqbjmrpF6Z6kKr5ccL3tq
1BWutmTvYPwDtmw9abTkS4Ssr8no61spGAvW1X6NDix,8vrdPXuamTWjnFLYmD1iZDhn97okmzqrerzNtNpiGxzS
G6bfDikmBmntCLcLdFTQhZ2zhqcuWygDpgou2Nq8YqX1,8udtBYjWkegPwhjbomwh1agJFk6JQAv7MvcbFruUsyg4
7mkr2BaLsRu3HVp23tM1USVbARKbawC6AWKDPAYAvbmC,8ubS4pvWG6S8UqyXGwiWwvftsfATtXGDSubR66V8ak7q
7sJ6wyCDQqyWyAS2ZR1r28makjaf4mUYkRgCi5pDmfQY,8uS81ozbXzabYpFF9yPq3p1yHeJgLDhwzDQ4dqekS63V
GStoUpGHfLsxrw6f2J7GAZrH7AxwCn8K2nzCzZHuBo5a,8ty1HUNdCLgyJnjcFfzdw47LWkCRomwaXB4JQcxbAiNM
F2HaJAKoQMCBKW69nNL7DD5kiyEzybWQ5zHVdgVb8Kw4,8txvAGS7uXUzne1rciQKL6vtheEsUsRBf4rcRYGWBBKs
46HRYafCqKcAaWzw3H5QyXuEATGxR2v3bgQYyW2mRRdb,8tnSreLttNwR3zwjGnKPoFa9EZUKK55p9xz7sHnRpLjF
8UfB2sfsFsb4B7xisKj7wYKWbQrmEd3nF377AaD9yf7h,8suDu4gEq9nkCfNLRRAFZEdjRoz7YCyzUuUCcHLvGpmK
2SNNfXWa6iTMLJbE6UodKjPW5rXbiHaG5XG2TpoAh9Wk,8sCk3XLEjnPdk1nGnmBrrtM9ugepXVTmp3TWCKGNUQXf
9F91HmFYbAfMujt2uRAtV5vKRRC7GwJXuP1aBs9J69Yw,8rkvB1Zy9hBKG4yzt24XsRyFPw9tRFKGb97zaFk62esN
ECPQGL4oXtuk7HCraTcT3j6wS7yb9jn368un6JyWkrJi,8rPv5S33bNqKWNoMUzx5UtkuC4LURnxBdG8889YXGh8W
36YXEYC8zW6tFw8LkxBSkxVmQoejQQx6DFN4T8rvKhKw,8rHsKEsF75xfFg2FZ7pEKHRsTu3ZCr5QCyxUojduefqP
HGDgNDA2zuYXdPkiU2JCgQ2h8NThYFCTvV1Gp6Q2vyw7,8qyn6eNS6281a1a16CYYuadRsNNYBzdGLBdB8ZCsoAmq
21Vnj2z2SYZns5Vji4vEV1w2HMkZDZShmaPhWS2sbG3v,8qrxwAtNMNsRGe7mYaHp6hoq3DaW6aSp7CrZ7dEv4c6t
689swc1zSEUrLxwTir2sgGvUrbXNAv9CSMRyFmsRCGmo,8qrxsmpTBxsB4h616ziZnVQKSQu6hLdrbq83PmuGeuDn
21Vnj2z2SYZns5Vji4vEV1w2HMkZDZShmaPhWS2sbG3v,8qggQi8bdDLVWMhG4bYNuDaE8XVGkGvMFyH3gVEG3V6R
ZE4LyYi6TyjoEs4yPvGfCfXYAbmkptN19J7o5wPP8KY,8qNAJzbojKEsKdeuVq8N1gYWGoJ6H8T2dE6D1JWYJMj6
1v6MRkY4Z2dBAsbibySvuaj7kXssvJrvYefLbSsWdzC,8qGnYS4AQjPT5QVKxhi4Gv7Q1a2J1XapztWus74R6yKf
EftPPQL3pXTSKECTMQA599HbcBZyWTVxyZqe1a96dHmB,8pqVLuJEt3cCz9YaiYjuaznJ4MokUhjwt7GgB5TQ89Nw
6XS3qp5bStNZCRw7AcY6jjvUPFcxh19PfSrtkmvymRPj,8pjJ4JRheKcKEQv7qLw4A73WgnHHS7aTZzMbpHGrwak6
DenXVLRxRR3yrXFzwMEpnuizCcP6YMpaN9jUdZy2N8hB,8pGxnHgZLGsKFL29ukfpPAGq7MRZJU832T7G4nEcbjHy
AotZMPb5Uq2f6EjXQYw1nRQC6RdQKw14DGfWpZt12i6E,8p6zeCusqTXm3KcX6bnVQrzf898oDHTtpT1jGTVySgUx
66k4bTVmj5J1iguxkFP2duMCwTGs59821C3cosz9DH83,8p3xa9P1fX4gSRpiYZdSGUWCaNznEjZ52gt4thVj2LkY
9xdoAzBMTQ27U8jQtHE6CjZvQFRGNpdv6FhA4GHRPdYn,8oFY7QNj4p5hK2d2CdJ1CbhK1imeVGsdNfRKbCXnN8Zk
C4yo35zPv7x1MxRpMYeDzvAYYsaWur22mrZ282b54ySM,8ncaYS93do3dkCz7tWr9w5sp622L857KukzXo7AZFr7A
85YK84ReFwLbpjBf5Pd16XuSHasvCzc5WQtTdsjdK6r9,8n888mipehdEZPrakTLViUaQpdqXaSuY9Y4sS79uRcGA
FgY5QcnWjWresevhUqW2uWyf5KigzeLd4gsebvnVWpyf,8mXWqFGKEnWwm5vzeyYRyjpGB6kXZr8CNC5VFjG3BZh6
A9KHxwCgS35QeVPBqtMvXrRfvLbaPXtad57GiRaDJ5zM,8mPyPQpwXZETK6R1i2EKzvjwHw32DedEtUcYEEqEKuN6
A1DZeL4TBtGvKb11ei4eBoAs1aRN9fB6wjgkLY8ER2dg,8kkcKA3bHoiq2MzFXZR4NANAyEJfbLRixb57ns3Mx7Ba
739Buw57owzKpaGHQLp92JvEbXC32PESB75k1HSiqJBd,8kNfCex8QbvdYbK8Cqrii3yozdCJnfMkPVFyqqfG86Mk
7mkr2BaLsRu3HVp23tM1USVbARKbawC6AWKDPAYAvbmC,8kLpMpnwoohFWUCXXjNSgfzgGmeq9zfaa5iEXZHABpV8
6jr2pa7S8aCDXcRfahz1iqVqTfa4G4zoHrZ3maaoFkVZ,8jt7x7Kb4zvy8K4JzogFgG6whGypp4rKh4LUUHWtNVLw
7QjpEYTntTZzdghCcE6hxKK1BM3s1Kyrtq5NuyzVE6sk,8jRMB1VtE5JvXasWijhzhNs5hX44UfrVhvWxq98aFhC8
ASF3M9SXSmuobEFg1uk2P6agRdkMWSeoCYkZu17rtnMt,8jPDxMjECS5Qx6FM3zZ62jvD1br2NrDsucULrr93987d
A4H9f41rngpzGE3ZUJTyBxLfB9LtH3q6WtGcwcyK544C,8iEo2uByYpgGwmNpMgvmp1xoiBeJhVGdH4tjCqD6fPzi
FgY5QcnWjWresevhUqW2uWyf5KigzeLd4gsebvnVWpyf,8i9YYHQ2qiGAdUb94mLWLxoNjBLjWuaqb2w8KRwntRh6
2CHq3h1oWcxnqGSPXnBBnwNdFwhwDeMteQv9GDzMPzXb,8i2RP3vU3ijG63eqQcQwhsqwjNia8aVTeYszJnywycJR
9vGPfVZNhdUfy9iRrMg3M9uw5zhPdEBwCS2qrjcPhbEV,8hvLdNZ9u6etDRJGrcWvtKGb9K8opv2qLxQWjwZnwBtN
46HRYafCqKcAaWzw3H5QyXuEATGxR2v3bgQYyW2mRRdb,8huV3gTo24iNbw5S5PvFroMVbnR9tTabopyZoL8ZZjGh
D8u7z3LSFXX95vc97NotiPe6uGcxaMNMVKYU7DYP9nL4,8hmg41hAyX2uZAXDodxXyEzo4sZ1NZDLSWzdRH8WvVwF
EY4jahuKw7PPHV9KtebVG5UnCiquBHteFEZEQNtWPc36,8hMa237jBrz5xM6E2Yi6RAdSTjLN5A38St78RgzWmLos
7mkr2BaLsRu3HVp23tM1USVbARKbawC6AWKDPAYAvbmC,8h2HZKPtkBfkdPGpFy9DwYbELp9NnW3MY6MRMDs4DM5v
ASF3M9SXSmuobEFg1uk2P6agRdkMWSeoCYkZu17rtnMt,8gubPf5csQPnLASnc3A3uend9s5rnRdTA2DZuE6eTrmZ
7s6g9JGg3P5vZMnW1NXqfCWMhz7q1ZYrJVaQL1CNsqmk,8gcjv4i21o8qc1v8Y2RMnLE12yxjuWQvj8fUFDDiNdrp
G6bfDikmBmntCLcLdFTQhZ2zhqcuWygDpgou2Nq8YqX1,8gQSiKGdiqP79423tPgP9Fv9hpMH37WJ6yqPX6AhCCpd
DmsFcT68wqampP78Hm9E29DBLG99FuZJJmZAYw34uvrF,8gLw9x5bXZBz2dWJNkUKWjjWbG8h7YxMJMCUeFJjva3K
3iaifEt8tYv7GCt86D94cycDRgLNtY6HmriutqzbTZ4G,8g7N9LkH3vcWJzH6hAQU1RqgFyQmcTQTy1NNgucXmFtJ
THthoAPa4rKqfZLe7oqzW2G6BiQoAuyw4Ty7GK7a9WG,8fUtvF9MzShYEsaveKD4CBVrDbKiHi1BS3L4Wo18q1SU
1BWutmTvYPwDtmw9abTkS4Ssr8no61spGAvW1X6NDix,8f32kT8vyiK1Hf9S1UELt7zeb4Nd1joBM6SvF8HuJ5i5
ASF3M9SXSmuobEFg1uk2P6agRdkMWSeoCYkZu17rtnMt,8f2hmXZcS1vyoAp4Qf9yLVjhqra98bTtGhjBCk3WvQT1
A1DZeL4TBtGvKb11ei4eBoAs1aRN9fB6wjgkLY8ER2dg,8eiedjNUbVugoG4meVhAXSHWJeKwPogXtBBQAFZXdnGc
3bYuKrCewvomfwEUD48tXXWXZ3q4Z4RRqB2kRNF6DtDQ,8ed3CcJdbSgJWoNuqHTCVZgckBhAXRXpBrgvcycUp5mo
FLVUCLBtfUe1JxjzToT13hB3APrG5HbuVfAWCFfAb4PF,8eWoxcG3CBYsP9y9nzXzQwVqPZcXbk38wMUYKozc79Lc
3HpsMQv5vnUHW3Pc8sbU8U3KTGVd98Aa6pJUu7zgQwzU,8dCAsFMtMJXSXHbTYiiYpjWE4FeyFWN1WGQ4Pi5DCpRt
JCPwcJzfk8tmJgmi27P2RbH3NdePBkp11EtZyJb7s7Zx,8d5swRPJ6FDQJToyzP46xrboso4UpKZa6NZr19qQKbFD
3FyGJDgsMdJoUCXBqdDqPyMmef8gMmXwxYXdvcmKdHM4,8cwezKWhBTyWhV9go3Szo7ctrZN8gDt5JyerCqKqssQH
A4H9f41rngpzGE3ZUJTyBxLfB9LtH3q6WtGcwcyK544C,8cdLjjrXeddjJTjy6m8ZDf7igYvsmSWMax2GAv8YN8cV
7sJ6wyCDQqyWyAS2ZR1r28makjaf4mUYkRgCi5pDmfQY,8cZbWsDJSzBTJ7mN592VqNpPCvf7G996NuzGxrWiVmnb
5x4sdY1fDxesDA7oA3hh8Bh7c82CRHxNSeurm76KGHT1,8cSnT2xNWZ1NMQLdUDV61DqZgVBF11VLicrVCRn2w73j
9DbfyEoNawBgNtLaoLEnAV1cTDWrwjz4TievSxDbFo1h,8cHYnXt3Wao8fAsSUGu5kpUtVaDD7vuuNGTgj7Q5phar
EKeBStmHfjFBu3RHaMCtZivjUvBwVmeNSoVthJGoXyEe,8atZLjbuUX6u7vbaDXo55NKhW9J4zrhwx2wCWPbMTMEs
GFyEUsJxqDmmPuB8cZX4CdFEuW9Xo7Q9jC26zFVt9Mp1,8a7PZD2A3MM8yGJSFMjW7QTpniX4fM4SNUCFjYV6dN9b
4dWCF9NcAfmfVk2yY9xhXHrgKxiMWRdwHec6BzPby4C7,8a2XjJayJwVWsVAzBjRmD7yfAgf6tg2LBMBfPZ2bHfpH
DmsFcT68wqampP78Hm9E29DBLG99FuZJJmZAYw34uvrF,8ZdbBmRoVo4pbTB7upKQ2nwpHGnKesq2PpDBoU3pyVqc
5u7YxcfWvh2wMf5yQP1pujNmxQTohzSgp1w3umJXEASV,8ZZFAMmKLkM3QNBcZVLXttxYXJ7VG7g8TXphgoGMCr4D
4yhVBzqLWvx11LTfUUwKFJ4GWp2ARMjaf6aDo3wTRXC1,8ZU5vXo9fQWLJiJnUM764gsVUFnhvwdQpAmoz9T2snCG
7mkr2BaLsRu3HVp23tM1USVbARKbawC6AWKDPAYAvbmC,8ZQQkR4UiNtwcT917kG6fhQcd5Pqpf23ZK7aYK8biNpG
5RRzt5impbDhzGepEZj44JqTu7o6NmXNRKSM4rSQPX1z,8ZFtxUrHLa4j3YFXJzoAEG56GrwvHmCDGmCjf2RTCxFH
ECPQGL4oXtuk7HCraTcT3j6wS7yb9jn368un6JyWkrJi,8ZCcirXMq6JWjfXM628ugquj1sWdT8NUoU8ZV6hu5x2d
8xCKu6C2k6pMYfvV6j22Z3AKFt9sR7rGx5cQ5sHjKv9W,8YtfVKDAQrH4e1fHwcR427Eh88eq8dS7hEPmY5ACoNGi
DGjQ7o6kYJ6nTAyiYEXFyM4EThTMdavm55b1sJzVHCHq,8Yp4z715QFycX253utTDTZiGBpDPWki1suDhQnf7B3hx
8Q4fYfyDCD9vHBxYqdFww32SBSVWFy3N7mx5tyyj5KZb,8YnYY3vDeApKzJLqaTnswoWv4ee9wEm9s196wmp8Wp7t
8crEFD6R82oVbYwhBHTDKTZvFJG7qbuMDgmAEsz5ijw3,8YnHBWjBsXVcpFDvDQcPF7kPuMQEDWr1AwTBsRN8QEgk
ECPQGL4oXtuk7HCraTcT3j6wS7yb9jn368un6JyWkrJi,8YYc24GaCvy34FK2Ww2JnystF9GP9R4LsYyTk3jm43aQ
Cd6rgrxCmXSGrF3zxNtDwJAYMNJ92cb6bmD9hyTkjWXP,8YHWcnGvifCpc2couL9MhMGLUjNko4iqRxNG7uH2ZgFe
5RRzt5impbDhzGepEZj44JqTu7o6NmXNRKSM4rSQPX1z,8YDMNa35QyRkWTjg17JtMHs5kk3YFAEo94etPa4vmNmt
ZE4LyYi6TyjoEs4yPvGfCfXYAbmkptN19J7o5wPP8KY,8XbokMF5BqkchQ5mCWf5xzPEvYhZ6PCYWBDuKV2GXpMZ
4xsJuLwBRgqtgfgVsiZhu2ASZk6GyN2iJpmFg3udtPA3,8XUbDsCEPabe74Ayb2ZcwHCvdGUJfNWYcW1MHf5Z7E96
BbgTRsfwp2F2nR9eE3raNUGvXgraySTFCWyvvXz1GiwY,8XGR7Ewn777PHgahV6wzQnUNQtvFg8AnNi1k5D9GVo35
CyRzuuStoZQebUE4xQM5EUbvcHvMzGxgFes6xdRh9RiJ,8X7CF5t4JSoBwkLF2Yk1BXPS9ezhPyMfo4rEzKagEu69
1BWutmTvYPwDtmw9abTkS4Ssr8no61spGAvW1X6NDix,8WuekmbtSm5KVXMrrrn2WxB3KcAE6yCCt8y9JZyadPbg
7mkr2BaLsRu3HVp23tM1USVbARKbawC6AWKDPAYAvbmC,8W5gNekoyBvMWCpCuq7uXgWMoS18dS8kDyqg5xnAucvk
ZE4LyYi6TyjoEs4yPvGfCfXYAbmkptN19J7o5wPP8KY,8VzVMpUZCXngf75avBLNnj48tBFZR9q9qkCo1zLqJRG3
7dy8heSXUKaX3nRLkQ69NetzQxZYNQgUQsCsvTeV8MVt,8VaXyxzcAVqKMF5HYj3dzMCpEStfKjeWX3cXT44CpCdq
CP3etGb65J75qxmyjaYPwuv3zzMz35C8ZtDwxv4J8KHq,8UyeoGkuBuSD6gcuFDYQ4xd21ndK4Z28iKVrhAXqCeZw
B56NDdqVevb6K6aV9QwFkNN7VgNY3ZdjwMMCKSHZzC6L,8UwEBB7fn5BvXzQYEVdXY81cXhS4tq2BLR3a4BKbiSUy
C4yo35zPv7x1MxRpMYeDzvAYYsaWur22mrZ282b54ySM,8USfnMUDognLCXS44QqyaJNwx2XqLSu7sRajyFBXrBPi
A4H9f41rngpzGE3ZUJTyBxLfB9LtH3q6WtGcwcyK544C,8ThkA6XmRof7Cmk6nsqVa6o3wrxQhY71QqPkBbxW68Bu
8w9YwmJo8rNXnUzT2M9m6wLUXdtfMqd2ppCKoMdqXWuW,8TgSGzfQgJtMzKtXZkd68tJP4s8v7NyBWcseDhphQD7k
HGDgNDA2zuYXdPkiU2JCgQ2h8NThYFCTvV1Gp6Q2vyw7,8TezYRiDBuXHCsv5vmjUJSttTHgfH87yzfcB48BUtE9X
A1DZeL4TBtGvKb11ei4eBoAs1aRN9fB6wjgkLY8ER2dg,8SN325zuMqTWqtUs2kammWsCqZx6ZCQ8gpaZE7MVGQrD
C4yo35zPv7x1MxRpMYeDzvAYYsaWur22mrZ282b54ySM,8Rv6YZktXGELpBs93RGTg425JV2Aup3aZQwRp8b3ghdK
A1DZeL4TBtGvKb11ei4eBoAs1aRN9fB6wjgkLY8ER2dg,8RrcMiL56w6abkGXNPtqFntozkF1GuPdnpqrfiRs81wk
4zSD3RQdaxpAaHoknrbQEuRMVPSFfGR65Nz7VDsAnfDh,8RP15yFxwiXZTthbSEFQfgypiX85Dynb1tEd92EuFoVk
5RRzt5impbDhzGepEZj44JqTu7o6NmXNRKSM4rSQPX1z,8QgnNwp4MFyz8SVteUEP7gdHnr2BRBeaYNfFQBebGvgs
HGDgNDA2zuYXdPkiU2JCgQ2h8NThYFCTvV1Gp6Q2vyw7,8QYDaDkFMxLYGveNCxe9V1QMZK4Uro6hQKuHFK1mknJh
3ufsP16JoRCoTQnkRfKYFD4X3nTaLj8o9BGeWkdnk43w,8QERcGBMXH7ucSqPqHozrQMAfDuFhNCbovagTD22ouCM
7mkr2BaLsRu3HVp23tM1USVbARKbawC6AWKDPAYAvbmC,8PjXAL4GuNAwT6BeRH1Rhb8MR2P3qH1DjNt6RhENRFT1
Brf9LZx5d6meUPe5ea2v3eTiqeZNijrd4FsMJ8djSp7w,8PENYEGtW1RiDT8wH2UWrQ2Ut5qTVkEfpsfcitcUC9DU
CyRzuuStoZQebUE4xQM5EUbvcHvMzGxgFes6xdRh9RiJ,8PC2cyGNGXgv6C2x8vD1p1Fp572ckbpfZoQJUmG5B25f
6dTJGqWv9b2mmRsNypKAVHJisFNg1ayJsgRm7XQR9eBY,8NY7o2zcbH3djNycdUimfoRECCEeCasHMP29SnHQs9Tm
A1DZeL4TBtGvKb11ei4eBoAs1aRN9fB6wjgkLY8ER2dg,8NUXqHScdaWCnEgioDDMq6bZEqy2bfuE9rC4VdvBZT84
85YK84ReFwLbpjBf5Pd16XuSHasvCzc5WQtTdsjdK6r9,8NPXtAFtdX7Q4yv6M7UTHh8BwpQVhNz7GVdhWRyUhakX
6LgoGQ1WoToJsJpzzUrwKKu3Ah6awF2JCmrxq7W56pgj,8NLRGaSscy3Um6opNHjYERH7J4Jvdd7d6Be2iwmJ7GBT
B56NDdqVevb6K6aV9QwFkNN7VgNY3ZdjwMMCKSHZzC6L,8LHShaMyuMMtYaCzDZnJmf62N3k4D6EXmQsfLNXuhxrC
5JzZbgiDiJwUo9PPJAzcB8wfZbkcJEytQTh4HB1G4Npg,8LDWeTMsuM5F7WiSHYFBdUyNA2W9zVbMv4QBVXiTq9Rt
DhFD624a8i25fW6TXQHpV2oPGEqda22Qeen8VAdfCubB,8KyvAQqrNU1xD3FFDk34jouY7ZEps8iWjeUrBi2gNbWs
ECPQGL4oXtuk7HCraTcT3j6wS7yb9jn368un6JyWkrJi,8Kvu3Ch2hb8EMTUqebYWfnntrf2jAqKMkHtz6P6y3bFx
HGDgNDA2zuYXdPkiU2JCgQ2h8NThYFCTvV1Gp6Q2vyw7,8KRzXzu87z7dfcevFeYaV1awXRw5i8Z4nCzzvLcECUZq
BLjtsrixbNWyDd3w5z33wyrttZ5MoqweSsnUJU9CBknJ,8K8j2zFKShQ1Hq4Kab8EUJ3cK8qwRLuKzGaw3vhNxaWc
CyRzuuStoZQebUE4xQM5EUbvcHvMzGxgFes6xdRh9RiJ,8K2Zc7Jcbe4NSXLH1SVs6z5f34uAaPBCbyjWRfVPpAqs
9B2XQw3LsWph3uVhvJ6A2QeoR3L9vXmYropY9JXvzCva,8K2AYefUFSan83WZSDUAWLKVMdFmwCGmsSmRxZ1jtTx8
5gc1A9tGyTqXpEtP9ys1A6CupF9t2MUPmthuB9qGkvhp,8JjESZm47yqzBe2epT8d4WAAfTnRYjxFUqaGDgdmJceb
ZUUcxZPQkMGXyVpQVp3YUv275T7yDUjS65M9i1noJNx,8HncaEodv2GBvi9geSaKaePMiffaXX5sE4obvyYtdXzQ
BgcHttqUndz3koLtVUqZELci8hfFtkbzJoxh8TWZJHVv,8HfN3YfBApRfmW5Vz2e3cAkMJAfPyeL2ccMmYHTWDFfm
B8oL1Sxpr4fUdrKMhMiirUSu6HGMP5SWYRSxSLdfhnyn,8Heq19fcu88GRTvyELNWhdRciCwic66Dn363WCmzEoon
7mkr2BaLsRu3HVp23tM1USVbARKbawC6AWKDPAYAvbmC,8HAdP7PGZMVPTys5aCFioWW8BbHiPhyvyvtYSCcMkcx2
6qjgr83UvGaVym4fA2Ms2BmzbzxiQN8MwGZsFjxZRwpo,8GjA1qjT9XsNsNB556QGM6KgkFQLwNyHpFFgjggUiRyC
CUmTjfXypb4Xw9HzeXLpADXqfBJCjsVQunForgeNAFbJ,8GVbBX7J2cJ3mQ2xw1ysgom9QZxRyjrjjxUVsTVnwgZw
85YK84ReFwLbpjBf5Pd16XuSHasvCzc5WQtTdsjdK6r9,8GQe1RTtFzjtqL9mTT99nz7xf5zQFWg5vajEFTAizVJX
AJ8Jd4885JYBBeFgy8BJrbwZfbVqRCfqU8dbGxyPRVL8,8GJpN3H4HJsZEsdrwxYp3gHZjnD7aTnDY47rQkhfkG5V
A1DZeL4TBtGvKb11ei4eBoAs1aRN9fB6wjgkLY8ER2dg,8G9YsxuoSQA7Ejp2Pwge4mSF7KjrQtPiGFghjKttdM3Q
5Mic1WZXEySfSaeghLahBkqbS52i35vwmG6eAPEc3oph,8G3nQ6Giqq7FcGumwfzijRbdXtFkyVZbc2krLHtefSV7
1BWutmTvYPwDtmw9abTkS4Ssr8no61spGAvW1X6NDix,8G2ZDFMhnEQY5VSknZQXzX5Kr86CrCZydFSu2RxegorY
J4BKzARbSSrPYUn417JsSRnHHwNAKf6YVeQPpokaYMnQ,8Fnb3oCsYLXK9uqHgeWjst9Vt4nRBWtPKhdF9TD3Ck72
A1DZeL4TBtGvKb11ei4eBoAs1aRN9fB6wjgkLY8ER2dg,8FV686XmT1ApnnqZPAz2WAPrtQNdnJEatSaSKftoJJLp
6mCgA95q1zD9GnUi3yBzk2x8Y2b26a7hv7Fvw1V6Ate5,8F8j5tMoQ6KJ7gJtjtkBUo4Nc3FJL3r4A2LAp3Lyj7Kb
HxTw2oEoGFKt6hWNGPcvvonG8CwPSipdkHVcFKvx2qtD,8F21uXh9qak2HDpf3ppeaL7s73NLo2TPL2sy9oBU7ud2
8LdNLkGP4YGF78ArCmjY4dqWPUxcZf45f6FYSQxpwxtC,8EyyqW8Nc3TaZDameuWFrfZioogibPDxPXA7UWndoqwN
DoXgkzBXa33v45m2kbMToH9FsDyAPNWXuk4xYCMsmAHf,8ErSAc6so14FSvYVqFcERvxEeU6H449PLdVgDigoYibY
7mkr2BaLsRu3HVp23tM1USVbARKbawC6AWKDPAYAvbmC,8EjZ2Eom5cE7jLdtwpvEnbsxp3vcG5PMbo6W3oppvTEi
7mkr2BaLsRu3HVp23tM1USVbARKbawC6AWKDPAYAvbmC,8EGgaDEKM7N5V1p9hLyxqjxVqCpTfHPJhST93AKFUpVM
61W4wFQAJ9fBUvidRyiyi7sSGaTY7tU33TCRChQ3DvDh,8DhKD2HZPTMMf4mvR7fzqohTmNVPnx8AXD8J4UvetqGj
689swc1zSEUrLxwTir2sgGvUrbXNAv9CSMRyFmsRCGmo,8DbEDoPX6nv4BbcoqReDPkJyXafkEdLZm3u1Pz77nquh
85YK84ReFwLbpjBf5Pd16XuSHasvCzc5WQtTdsjdK6r9,8DaezPjt14FBomFSb7C6H34BhFk6LweTGeMPMU3VgcJC
CyRzuuStoZQebUE4xQM5EUbvcHvMzGxgFes6xdRh9RiJ,8DRKykGhCN33qy1QrYZn7rAWF6rt42VFAhK19Ww4qcQq
3ukVQkntQ1Ydosb5yMrwA7xuDbbRij2JNSb22zYLWCQT,8DPNMFJKrajgEa3ArH2xLGyjStCZjf2ihSZ7GfxAs4zF
4vaeyRG6HMcCnkD41wXNezNfNvhvDdmHxNViZwW2Mdrk,8DJvoNJRTyWxYq8JvkXsdChmj8BVXhakeoVkeQGcAwu8
ArkddktQ1wvSyLbqoMV5AYMZbzBAn79QogmS4NYsA9Np,8DGRkHTuxC9xhv9rFy1Q35L3Mk6ASXZfJpptL2gXmhpZ
5Mic1WZXEySfSaeghLahBkqbS52i35vwmG6eAPEc3oph,8DA7vjYsvfW9MKH7BNBeHe9JFNuJXifWBF8CTDxeMATr
ASF3M9SXSmuobEFg1uk2P6agRdkMWSeoCYkZu17rtnMt,8D3JFhMhuFtdxDdsKt7EnmTSdu3BuaTX9QvtpceyTL6w
DenXVLRxRR3yrXFzwMEpnuizCcP6YMpaN9jUdZy2N8hB,8CnmruVjLg9Ua2sigkJMR83MyJUXXHWMKptR5pXS6ayc
ATiHEsz695ZZTmAXjM6gXgYFUwaLz2HFd6zXNmfvwJXg,8CHbDDY6SdtBmvoT6jJ4JW1oNkxxtYxjcW4byfprx6Uu
ME1DpLLTWvJsQHHSN4M3mMUNrHnoPgWkukBijmU1zcP,8Bn5Ft3DupAs9y9hc6uQKzt3tWKsNBiT9gjSfQDXkSWw
FDiLdtmNPWG7JikuvgMqYF7umENSzqJJtoJHpSVGBnPQ,8BPA1W434qMGgWuj5yvJMTMiQoJYEQthXmkRS2iUo1Ep
C4yo35zPv7x1MxRpMYeDzvAYYsaWur22mrZ282b54ySM,8B9DzzcWbeGg8Gi16uqerKXz3ysHMLnPA9iSEovbJ5HW
EEwVT4xMbsYuCvBPG94e9D7oBfzdWqq7KxYdvgmQhwW2,8B86Cpjhrfumn9n1cYJaG3jWS2qHjNMN68dr6YrBEn8Y
51o1kfbAJmEGuCbBg9sESpqemPwZgdaTc46wRQRWZ6WY,8Ax3USaHmwtbbk5FEgSmeneAQSqQDERC5TeztiTZ8buk
7GYFNXUi9eNFDAbZfvsd7EBfXLCGb7Qx1cocR2eqCAYN,8AizkQy4kU3QhXuopCgW7eVHknpZP6KZtF2Pu8Hz5Tzh
1BWutmTvYPwDtmw9abTkS4Ssr8no61spGAvW1X6NDix,89wMs8Qf8gA9xc1fxxHA7doHJXd4GEFEWXgHnYSqSvyn
CKBMxC9kLsafsaVm4ssUfBYJuCHC4AHtiHHnbeT1cC35,88wtet1TaJFb99gLEbX6uCusmZa4fMw1F5cDotMCGdqF
BbgTRsfwp2F2nR9eE3raNUGvXgraySTFCWyvvXz1GiwY,88hwFSWwP94tTnwZUTLxZe1onii2dFQXUPf96SiBJTiu
7rvBfawgMo7BvPyT79CaTXwPSWycrFLqLzyNZcT8PmVe,88LhM85GjfG4vt56paNXURLnYtiTsctKV5tAMn4bbxa9
G1VVbQNZQb64J7jmbpVfdtTSBsh2bgQfouTRicmx9pVv,87imcVT5UADLnaDoqgmx4w1ridzxoWhojerrURBVciNc
7mkr2BaLsRu3HVp23tM1USVbARKbawC6AWKDPAYAvbmC,87T1NDrVLfXGpn2ff14my2S6oeCxdbX1AL3s3qjsXH7L
DtY2o4h6TZEtQAsV85LLLzLENWnowP9Zehk3Py5YNPfM,876zsXHaPzw1tywvJA7hU7kbiR4mhU364u6UWRoH7gch
68xrRvVH2PCA7PbXYcWmz5K6vbs4ocSPAE6ZV3c9hvSy,875P955otRdsszHqbbU4tmUMAzBFi2afxrxA5bDSZ9Eb
23TWExhdRAvnA6YEkz3nLWsiakjeS1eZBnZswP8NY8x1,86sQpQLENgEBngR8ddJhzR1h54zP8wPW8aLNSrn8CDY5
8Q4fYfyDCD9vHBxYqdFww32SBSVWFy3N7mx5tyyj5KZb,86qxCQjsi9UintKaCKBvkFMJVe2MYXC3WdwQRKKX8nQ5
BbgTRsfwp2F2nR9eE3raNUGvXgraySTFCWyvvXz1GiwY,86oDE9KhnzZWkCW86HEhqGcXi9jzTeDBK4s7gi5VaCbq
6jKoMo97ify51J2ZdHNj8d8vBvU9VdQvNfBCyEUaqagC,86AWdQvEEJmPiu5HXN8gGHVxhCGkfMGdjCRw45P5AM4Z
APMZny84AZDWCY33trBMF9noxrLAMRzH8Yanau8hn6Fs,85tpGxRuFRhUZtXD9tMghK4rEwE2vwAN9VNHbwK1aBvp
5nBFfumxMQGc6jP6j6F3xJtzmvMjDGtWAnTU3XWRMHvz,85Rp3KN9NHwbcCpMrZrVrRVeGtufDjFMYG6Zfphd2ndZ
6b9Z3phyNvUedQ7kcdN7uXiTsXfydPPraveJVNobmNFo,84YcmGTy6vmzwaw6HwYhWeynxutYXEKee5mgNraSDxGB
46HRYafCqKcAaWzw3H5QyXuEATGxR2v3bgQYyW2mRRdb,83UTZvTUUsfkAk9Die2FBtq3n17ixEH6ZCsWfsxPSKvA
AFW3749YWPQBVYbUiohgWPvYFR5uz7tFSca8RkxRSgLK,83QEXYN7wKAEJX6Vug3NsJDHWqiLuYKkTRQkSb54LoSr
G6bfDikmBmntCLcLdFTQhZ2zhqcuWygDpgou2Nq8YqX1,83PLyuU7cdL1c76GkJEsMJEL4C2k9n8Tu7YdghqsVJ4d
DoXgkzBXa33v45m2kbMToH9FsDyAPNWXuk4xYCMsmAHf,837LcwtK4rc9oRZrv6cvbV6U6LbTEJ8hqTEtpR1knYL9
4jNBHhQcvPYZDvdNqg2T9QzQy56ZStdFCn8wuidEpFbJ,835uzM8dNCmGNKyMU1RaWVuMFh9JZXeDL3njyWge991p
CyRzuuStoZQebUE4xQM5EUbvcHvMzGxgFes6xdRh9RiJ,82mXKCGxMyM58uG6BSLXBry9BH2GemiJayCewQPMnxpj
C4yo35zPv7x1MxRpMYeDzvAYYsaWur22mrZ282b54ySM,82cjPCMLrmeKa7aa734coVo2sdaF7QuprztaaZZ3sbJZ
CvaHbjkN5CtMVbN9F9yugzEzhfoRqTsPqxTrBLZs7J2m,8281eWRm1Zwak3jmRRjtEN5CKgA3KazGyHp3UQy9yG6a
1BWutmTvYPwDtmw9abTkS4Ssr8no61spGAvW1X6NDix,81Tu9NA9eipwZYYyPwDmeNRHVEQPjyoYmR9oXtxLxTPF
ASF3M9SXSmuobEFg1uk2P6agRdkMWSeoCYkZu17rtnMt,7zwq1ATHjdASZsEq2fFSSZGEqDeW6uthtEqcNWnCmFpc
7mkr2BaLsRu3HVp23tM1USVbARKbawC6AWKDPAYAvbmC,7zfL4FS8dnAq3YCggxsPET1pmQz68HBcTLQ7LQgHKukW
71BCyN7hLuj6wVvvWZJZg6in1RPGHfc3H13gQvt2jKY6,7zPfZLUc6BZkbzxramcQ5zGBzfkGxSGwiRNLFhVZaUeU
6mCgA95q1zD9GnUi3yBzk2x8Y2b26a7hv7Fvw1V6Ate5,7zNWkWGUpKJGwFiUKy9jMGmWzmMh3n7Y7kPqmEQk3nVW
7pLVofwG8ydYt6nyhgsH46ZxchyUno5RgWBDmAeDBD4b,7ycSzG67m2qb6RX2zbgKLvc5ZcDxhpsgMsHQbBpgsGtG
5vy1i5Cusv9uxRedcQbQZwUC1SkqD7hZM9jkDApHdzwF,7xof5KDFg1jRCLq74nveMsEKQwcsUkHBGMR6XTYrknfV
85YK84ReFwLbpjBf5Pd16XuSHasvCzc5WQtTdsjdK6r9,7wpEA2K5DT8cQcVZwd35oftVp1FrgUHRnwT9v9CFBdYi
ZE4LyYi6TyjoEs4yPvGfCfXYAbmkptN19J7o5wPP8KY,7wNuDxFi7bKtzcJvbr5SA99KEwJyMa2ihVYDa6r9tWrz
7vyV5ewkUTcLgRvAA6LvrX9naaxhme42CfsgbDqjnqoK,7wGzMaATxCxPMe1vAd4215WA9sApAXiD59hHEHmVF2Ag
CUPNoyHknGX6kZAuT1jYDetju72twB5qY3awpm5Gm6Jg,7uLKYEvSscoo7nTVeH3Nh3A4KdRufT26VGvCTxn3QMDV
9xdoAzBMTQ27U8jQtHE6CjZvQFRGNpdv6FhA4GHRPdYn,7tsF2nfc7VF3jyirw5XnDeq7tDVUbnaZDeZh3uCHLHGA
5RRzt5impbDhzGepEZj44JqTu7o6NmXNRKSM4rSQPX1z,7tUd6ji8AWFxBw2brMuk7z4u8hwAJCScdU3p4Wn19r2f
5WYxMa9Hs5dXk6HUTH3YrNw8LtcKsYcDV6q8b1VVBhzz,7stv76JgNH8tAhtJfYMx1kKaVqvA3gHDu6kHiExg6giX
8UfB2sfsFsb4B7xisKj7wYKWbQrmEd3nF377AaD9yf7h,7rE2kUD5knJDisnruJkax9JLepmQRAjjxqdpJwyN6RBR
CvaHbjkN5CtMVbN9F9yugzEzhfoRqTsPqxTrBLZs7J2m,7qxNp4wsFJasu9VZUbp1McsMqAkg3yvtbq7VbqKykeSn
5HeAdRaW5LF8oo5t3PCoaqKTdT1v9zuXDJRLTSu83Qxu,7qvPsbQRsaErweGQ74iBPigAASxYY3fbzJtJb9zYQGPm
BdsrCk3DRm66usFF37XnNqJWsCX8WPgwsZ6Nw9gxik7c,7qq67utL3McMmXRmuYE4ksprJjXm2fJ4gGMSaP16reXM
8Q4fYfyDCD9vHBxYqdFww32SBSVWFy3N7mx5tyyj5KZb,7qkbSLrpMYbAjC5JVx2zDs9E59BnR2XyJ6LqxVz4GFPc
B56NDdqVevb6K6aV9QwFkNN7VgNY3ZdjwMMCKSHZzC6L,7qie29iYq6qiB2LNDxAgzKxTyRWzHdw2WPEzCmhR3mL4
CPGJVvdy1BXwvDxVWaMTUx7rUVqLHCxyT95pnUv5jCXM,7qhu82VXm1g3D3omHRLM7MXbmYERHTaDxyTp37SNTBUz
1v6MRkY4Z2dBAsbibySvuaj7kXssvJrvYefLbSsWdzC,7qbjKHZiMLoTzJ9j3EPJs5teFdH7wi8F6ckfZLsefzyQ
BjKPFxjSNfQr514tg4cdkv855adjMZvMN8keVHcxGojU,7qT8CVmCqWx7Dohuj17iwKVr5r4AsV74Kkn3YMLL4gjx
DZGyo9uB61bXihsKNv2yEie7XuwHqFwAnoPxqM1ML9yg,7poptKfqVRUbkNWJpxAJvw4zhozsi3YU59V6DucuQidG
DmsFcT68wqampP78Hm9E29DBLG99FuZJJmZAYw34uvrF,7oZaLowNm7XDgaeBV5XzuzwuxQNM6R21hQv2BoAkSZvA
Fh42RxQubaeNHSUn1VxcLDgS4e3eCEAJSj2M9b7Ns38J,7njdUe5KCw6U3YAH3cpNdhxQD8i7cTczURCzaNdDEyNj
7mkr2BaLsRu3HVp23tM1USVbARKbawC6AWKDPAYAvbmC,7nMyCoUkeTcxSBERFSgfyAS5xEwVr4qpUoNBxrBqD9DY
55o4V1x3bmkA1Yk3iCCiZuGrDQjtMrL3yCvYgZrDTRop,7nDybYJqdJ5w1F7WwVEhwQnmXTirCKa32D9SQ6ocwp6q
1BWutmTvYPwDtmw9abTkS4Ssr8no61spGAvW1X6NDix,7nB9oxFSTuPCN6BY79gu1p7h4jaJSgX8BZnsShMXJGev
5Mic1WZXEySfSaeghLahBkqbS52i35vwmG6eAPEc3oph,7mx8rCHAbE4WmaXQ3Px7HJc3FmeBQcD1NPadun8QcLkx
4vaeyRG6HMcCnkD41wXNezNfNvhvDdmHxNViZwW2Mdrk,7mYHZuTiokKEtFkqcEoMutcAqNtTN5pwZYQxdRPcDifh
DSZhtQdLvkTAqTHEkdLVmfJtbrRAo2979k1rzHJ7HmkJ,7kkZ6gHMqE9DezXNSuUw4Ao5qRCkVAiF71W4QcY6GUn9
A4H9f41rngpzGE3ZUJTyBxLfB9LtH3q6WtGcwcyK544C,7keSEeytyjU3WbkZETNEWURQx6QWfBGSTpVX7uYLMS6e
5f3vSBHj3anAdWRW58eziTtCuTS4pEnXWZHWGBgLiesj,7kUNSkPx8ozvM6iauAYTKDmEbHsXHuX4tn2K1bpcFWCd
FDiLdtmNPWG7JikuvgMqYF7umENSzqJJtoJHpSVGBnPQ,7kTS2gEx2HFd4upbrAe3o7FLqunK551WEPunE1EkBYC9
BjKPFxjSNfQr514tg4cdkv855adjMZvMN8keVHcxGojU,7kSnhNZh2MsAhQ92jErBiubHqojcJXPXYMHQSYVBbp3w
DUopRU3KZvJa7UEP915TG9vXZi8pviSV9cGL6kWsTHVz,7k7WiaTDZZYUTpz6Qte4CWrPy7GbWkwCXt9zVfbtZQZZ
FRiKTTtBFCraXxAdN9WbE9gHsJHauHzLKf2t53xiyFRR,7jqUpF5srm2kGqvX5cKRghzeDjwVfwiHp2JwBgXqFRpS
CyRzuuStoZQebUE4xQM5EUbvcHvMzGxgFes6xdRh9RiJ,7jaYTMcchN7MtpEs7hLqeEr9Chr3QcLygRsXdVkSngUx
A2Ge24AwCHSdSHqHQf8jZ4XmqvDruJiLDJ6c2fuSDq1g,7j9SuTLGhP25LyRL7vDnpBQJDKC2sxJA7WMBTHrYwLbP
7yEKqyfRMMw7idsttmkqXp2Jtc1ooDgT6aZ6jm3Vmqgn,7j3LpHZEZk4cEFaSVHE3i38r4jyw23fyQFHjX1Mm9qaT
A9KHxwCgS35QeVPBqtMvXrRfvLbaPXtad57GiRaDJ5zM,7j2iRPnWYzaASnTAqgdn1TZkvn5GGLS2JXotFfbnR8CJ
9xdoAzBMTQ27U8jQtHE6CjZvQFRGNpdv6FhA4GHRPdYn,7j1qZGUwuZJwkvnsFfayqYXuGaNBTVgGDqrKgTxfZEiC
CCutrzdqQw8RsFEbAWNrLachSy5umQJ6f1f9rqXYfyMX,7j1fAXNB6CvB7wQModV1yavVzwoxqbtWyNSRbg358SmT
B56NDdqVevb6K6aV9QwFkNN7VgNY3ZdjwMMCKSHZzC6L,7isrgCbbAB4poo5KXTWsB7bQgAde4zYruuenN4xjuwKq
6dv7v2h8NH4fKVfFTJeVoSBCfUAbhpWihD5UitHw9rzN,7iKSFDePqCQjnQEsGPNcRBAenWr12DjLudt9sHkNRwNJ
85YK84ReFwLbpjBf5Pd16XuSHasvCzc5WQtTdsjdK6r9,7htg7mAHHoRG3gqxf2QgpJFNJnRaKf7WX99DuwABGK2P
ARWT5t1qkREEh7yfHFKEGM9pfUSUgKyT5diiDUxDdVNA,7haNShS94qHaE4g66wcVLRcZ8GDrSFqgh2M3ZrHT8RWp
5fPeiibACJDbQ2JZJNc7HMKHXvtC6KrnVJR61aANJPCN,7hUZd82yik2m6bo6X6XWA4dJzGSMXxB2QX6y8sNeVk5z
4bRKJXY9EYJckgyJuML5wTfpxYMoujn67HnmMZdtut7w,7hRuHVz5SnZSCi4sXk7YpdDViCBCVH8LXF6dyx4TWVh7
DsmM9H5bnAqW7Ln6FZ2QNMegg8uggzzHMrvbpKUxdXur,7hALycUmsvgYGHuatETKwhNjXDMqPqT4yktCKy1yqTnZ
HgjkVXADFGmKZZM6LrmSHbGgMWgJGJJ1KhTd2zC3hGaf,7gyPzPMUC4o3pQYcdnjVK5kmzaok7cTcR8w2DFKqDzFe
D8RrkZrDqEavNEJS4aNU3AUKGJbRbXUtYHifTQNnMGuN,7gfj9DxWnJDpG1AysyQvcH9vFKJTPPKYQKj3iPRcgiRT
4zdNGgAtFsW1cQgHqkiWyRsxaAgxrSRRynnuunxzjxue,7g5gre3yJLhNtaeeNhe7yeyzmYhz9DhRki2bh5wBZmSR
1BWutmTvYPwDtmw9abTkS4Ssr8no61spGAvW1X6NDix,7fyXaDgvbtmvWjT3FQjPog3GN6yUYucfPPPMjhMSigUg
46HRYafCqKcAaWzw3H5QyXuEATGxR2v3bgQYyW2mRRdb,7fn7EkY6UiKcwxaXCnsHYsDFtLFrcquZZM329CtqCerm
3ukVQkntQ1Ydosb5yMrwA7xuDbbRij2JNSb22zYLWCQT,7feGp4oBvrwsqoWTtY1kQ2asHkMh1L5vLk1BNLwDg1hp
9h1GDXp2c4RGB8a2dzTzQGfSPw7mSQw5UEXzhw38BGn2,7fRHXKfEhHUjJ8iUEyspbUSS6iH3nESzbfMUtW8MKAVM
A1DZeL4TBtGvKb11ei4eBoAs1aRN9fB6wjgkLY8ER2dg,7fBmGmB67doi8mQaU49FEp7Em7yRahTo4DcwTHd6Cu3f
DZGyo9uB61bXihsKNv2yEie7XuwHqFwAnoPxqM1ML9yg,7eeT4cvtYjAuyTNBfSArfRXjCpdYa1EVVwq7RGbsTuvp
BLjtsrixbNWyDd3w5z33wyrttZ5MoqweSsnUJU9CBknJ,7e1ruhoAVfBXxkbfoZTni8Ks3RC6DyetSE78hVYBSgT6
AwfDrFQYKfSjaCEuu7UbyDDtW5LBHwJLHo9viGLRKRk6,7cwxhKY948XHtmjQ3LVvVTRiVpkiuSpsx3cWZujPRgR6
Gc497xZyy3Vz6KHE2YHRgCHkpwdtxfVeYJmCNch2DKFr,7cLGC7nPJhWgVEsHJTJxEWFmtWH3NbGKmtyjCb6X5Ebk
6qjgr83UvGaVym4fA2Ms2BmzbzxiQN8MwGZsFjxZRwpo,7bjaTgV8qPku5xAVsS15QS8JVjAwdNCteXRJaz4Uk7Bw
6h3Y6umA5JwtAGDXMbyRQeUev41EAYs5EBhS3HnZ7Ror,7bWrL6kVpy2qZy7SQcfqLwqmYpVzEPbFWBJwEtJdLWQJ
9B2XQw3LsWph3uVhvJ6A2QeoR3L9vXmYropY9JXvzCva,7bDUex4t4sWyRkJBnFfYLirhdaZKbBCCQEF3burJ3aX7
1v6MRkY4Z2dBAsbibySvuaj7kXssvJrvYefLbSsWdzC,7b4n97GXrEGdpWg1mm3AYcU3pH9KMF9HJ1soUCUJGvoa
A9KHxwCgS35QeVPBqtMvXrRfvLbaPXtad57GiRaDJ5zM,7assXmcKK57LpfKmYhPuTyMkFkFfTHWCga6TfVvCihpK
EKeBStmHfjFBu3RHaMCtZivjUvBwVmeNSoVthJGoXyEe,7aocUQyAWeWRTMbXojSX6tYoHeJmfD2PGrnDgBsJ89V7
G1iLxRSBL7S9HfgbDjG8PgQRhsoP8yv6uiMrxKaKJe9T,7aiuaox5VCDKmA47z8pNoJtm6HHyjAUEmdPtd18C8xXY
1BWutmTvYPwDtmw9abTkS4Ssr8no61spGAvW1X6NDix,7a9yP5WZaPsgsjiCd7LbD4Qh191ZzKNG3Ag9EFhMixtY
CyRzuuStoZQebUE4xQM5EUbvcHvMzGxgFes6xdRh9RiJ,7a99sjM3sqLihLcy1AdveXNkxTmBAznYdngJZu4QaQhd
6y1y3iLYjcAyhoSyfsUNivkWaQ9YcXoXDAt3NQ86S2R5,7ZPbdTVMtCmp9Bt4MqQW6h1dbYnsW2DV7fCcTsR6KJ47
FyxguvxMogMFQeZujPYf1UWH5hWk4r1n9V3SsevMrFTd,7ZFg4ndw8wotBwaWtyPrKHqwiJVhK6nKX3dfgL7XE47L
9vGPfVZNhdUfy9iRrMg3M9uw5zhPdEBwCS2qrjcPhbEV,7Ye4NFKgrLwGBdYXzP9o13dZs5m5szeRURUZRpso9abK
7WdCJfTrmPjvniMZjkfPFNUDN8UfjoeW4dPmvzAraAsf,7YMeYG35cCyuaJFSPiM8hpErdwnz35THmgFX6Dnx7KfV
9B2XQw3LsWph3uVhvJ6A2QeoR3L9vXmYropY9JXvzCva,7XdYbkpbk3fMqpfeZrzTSrijs4Hd8udYF6b2vMM8GAA5
2CHq3h1oWcxnqGSPXnBBnwNdFwhwDeMteQv9GDzMPzXb,7X1k6531FXXRknwGDAJcGdmASCCjNBr8rS2KMi4cPoz1
GmFonBFUe4m8YEmd2rNsjxFCV5nNwFwN5s3PT1tR4rev,7Wc7b1gRA8xjEc1prXdgFYWW1jEt9RkVR8rvevrvbB9W
2SNNfXWa6iTMLJbE6UodKjPW5rXbiHaG5XG2TpoAh9Wk,7Wajv2aA4qaBNhQqoMRxmNvPQgyfUQzusW8QMrjC25sF
8Q4fYfyDCD9vHBxYqdFww32SBSVWFy3N7mx5tyyj5KZb,7WF4paMmt83wHuieCgcUHv19iHWwegPjwZMJR5tNT1L5
BTKLNJ7swAfSLyqC7JktbwpVj7TZR5pFHvPtofyLKeCo,7VeLmqGU4hwpE1hHQDygTAHS61kxguCGsJtdB1Ztp2pG
85YK84ReFwLbpjBf5Pd16XuSHasvCzc5WQtTdsjdK6r9,7UuNwNN8cN26fnk7cV53dRbfUNf3U7LvSuou33b49qUP
AYaLBiMwJCV5Jq9gM7HHVjP4QHvA4zuMfpSdrJRduAZm,7TtHKZaXX1s3HC1rJVe9PZxmui8uHYAj2gjW8BZ55Jdb
773aDzyDLsTy4VtkKX3mG6Umdkg34Xk8yfdtTTpzDBf,7Tn6wg9egiEPYm4jnhaTjTXeMsCKvmqNH8H7KxFWGvLy
Fs3M34Y4F3PV9K9xenfdLDp9bBXgp5ZF6utxdaXainY3,7T9xCe4Lz2L8qjLqhSMi2RevGFEmbrv5oq68oAGA9Wab
GVPAnFxX5zCF5ERj8NCDigmmr5rM4pJrGEutCZx6ABZK,7SqXcAWTFSBRPy4c8Ym2mTQioSaDfhsKEfrM5s3tZuM8
5RRzt5impbDhzGepEZj44JqTu7o6NmXNRKSM4rSQPX1z,7SioMgRMvTHuUfDcHtxx5ZAXZGhuwzGzmaM1LGNpoMaJ
7sJ6wyCDQqyWyAS2ZR1r28makjaf4mUYkRgCi5pDmfQY,7SeVQ4gddXkyjoHtJ9mAFZAmRCRfLdrHf78zcZFkyJ4g
3ufsP16JoRCoTQnkRfKYFD4X3nTaLj8o9BGeWkdnk43w,7Sb9AN2ZdXzFK9ML6juVcALVS2r2z6QYQ7c19bkkc99L
7rHZnyKvS9Tf8h5YsMXDa2jHWEX9dfDgfbXZC2XfsBSg,7SVDZiyH5Lj8XhE4WcET6KrKoZ43eFvwbhewBFH5G78u
DZGyo9uB61bXihsKNv2yEie7XuwHqFwAnoPxqM1ML9yg,7S17DwhUw4VVVmqn6KEp5naxPaKip524m1FDbFb45A1L
91GhRb5vnr6HyeAZ6XApkbCzJanreVjsMHjCRHco3vfi,7RQx4Dnxxc1KZvZwFnCuGsWxzmSBRcXyzMgapeRQo1JP
kUJnzGYEvbVeZnZ3LUbCcqQUUPDPv2sH1gBPV6nyqBx,7RGh1vUXrMxVwjnLEuNfb7LmYE2jenQuYuQDWAP1s2Mi
55RwS5pBAf7JVYz7HDoJ8vFuMou44xHWLgTLtXE6vKvh,7R8vbLyPSaD9Yy8HTibKyUzvscU6js8tEtAXz5QmYGQ1
7sJ6wyCDQqyWyAS2ZR1r28makjaf4mUYkRgCi5pDmfQY,7QaHQ9QHbUHV5uujNwAacQ27qhGhNfvZrowmzCUrx9mF
85YK84ReFwLbpjBf5Pd16XuSHasvCzc5WQtTdsjdK6r9,7QNHLS2ABu8mxhfk8kSgRApUY13BaYXwdcNi9G85jFDa
ECPQGL4oXtuk7HCraTcT3j6wS7yb9jn368un6JyWkrJi,7QMgXNqVFBv9kBEa3FZpgCJmoARzYz8sxPr1cKrZnf2w
CyRzuuStoZQebUE4xQM5EUbvcHvMzGxgFes6xdRh9RiJ,7QEwoKkWtJyfuB9ZVb5y6ZvN1i5SEXoPaAHYNrbJngRz
CyRzuuStoZQebUE4xQM5EUbvcHvMzGxgFes6xdRh9RiJ,7PzmAPvq3Px4vzSyALp49jQLamENe7XUz3YxQRDMdRJo
J4BKzARbSSrPYUn417JsSRnHHwNAKf6YVeQPpokaYMnQ,7PgHVLeKdKtpBymYRrXoXgV5itru5mpqEHf2UGX8i62V
CCutrzdqQw8RsFEbAWNrLachSy5umQJ6f1f9rqXYfyMX,7PZ5H5DhjZvjPT6VhxmwShsK5zKBXYvHLQgN2DnZXTHA
A1DZeL4TBtGvKb11ei4eBoAs1aRN9fB6wjgkLY8ER2dg,7PDN9XBqc6g6HKD6t33sAQ7hNnDohfva4YvHausRF856
G1iLxRSBL7S9HfgbDjG8PgQRhsoP8yv6uiMrxKaKJe9T,7PDLYpDqtfMQ1bTFG9uVZT23PE36xCfazmr1NVw9LFQc
gCv41sQZpWwVx7K8ec8GqtMqVqJBkmb6p1bXwbNZEUJ,7P9RcLsBxaPKc6R7BT3G7FZhtsF2HAYPV85t8rryA6CQ
6HZ5BjrnLRkxC1V5E8mW2t9V8SxPhzz1RM8mBUQxxQ7Q,7P98juVryujYbQEWuEkrpMmcpKakeqy2oYPgg6w3sm7Z
vCGmz9PjfTrMh2uK23RkqToZ1Jn2yc44D5KiVNaMt9S,7P3sNs9aqVYeNasXoXE8uvhNff3m4U2uPZWdhpu6bPES
DCLNy3XtMgzAUBseM3BatZE1Bf5KgA67hWkcGTqUgALd,7Npp9rtSzpDdyV1KPQTUGFze9z5i1nubf2QGXQkT8pmf
3ukVQkntQ1Ydosb5yMrwA7xuDbbRij2JNSb22zYLWCQT,7Mv7J6uvfRetHHydGw7izJ4EwaiSTq4XJjoG9QNVE16t
F41EVDtEEQLjG5PNiKMb5fWHAsEizXpg21UAZda1UbsT,7MHbcr1WPKR71U4MLdfqogy3nJ1DqZhNotvVpE8C1PZP
7krpA97C6DVaeonJENk8Mgrc2NUDv47RQZU4fntPcrYk,7M5RKju3H38qGahVXejeuaPqAceQfNDsQkKZbhWEYmD5
1BWutmTvYPwDtmw9abTkS4Ssr8no61spGAvW1X6NDix,7KxkKrXwukLPiCkmbofuNSckmRfe1yeRidNvDVztLuqW
5Mic1WZXEySfSaeghLahBkqbS52i35vwmG6eAPEc3oph,7KtHFGRyv6C19pkGaXyTHbAB44waYHBjAYFBoQEJWg2D
HgjkVXADFGmKZZM6LrmSHbGgMWgJGJJ1KhTd2zC3hGaf,7KrgWxni4UnyoQK4zfQSN3qwtQbv1d7CEtRfwLZq6EtJ
DA4HR8Z4qi5XZyaQ6sL8DTsrnFbmkJwASedzT2hCc4uT,7KimvLTm2xkg2w4YzYLq63mXxE9ge65eaANZGZf3uLQc
4bRKJXY9EYJckgyJuML5wTfpxYMoujn67HnmMZdtut7w,7KiDcRY4VAUtXyZPoMAweRak355Cw3JpWHhfj7hiuTHe
9vGPfVZNhdUfy9iRrMg3M9uw5zhPdEBwCS2qrjcPhbEV,7KEJZiniE6wE6nySXdCg7PnUnqMzGLvTCejXL9XV6aMG
BGgNvgCkmqy1sB6vrqZ6pF6me3TFjJP29Tg91rFaiL7R,7K4mMdSHZUjKULaCeVaoFCAgUSGUBZi2DXKSLvubR1xX
57Ccm7yoa5YKVXehJHAQ8WwK6CXc8RL87gG53xYdrJex,7JkjrmgD5gkkpke825dx7Xt5fXhUwAW1QEeLEpreL372
C4yo35zPv7x1MxRpMYeDzvAYYsaWur22mrZ282b54ySM,7Jcyz7tGk7ShFjKEwfemMNa7tqNsoPmFc66KzQfy14rf
98x4kCEBreSSi1bLccGpsyz6oYWSnsrXjgEu1nxHgVG6,7JQKwvhZEi123eWJQFN8cYT4n3RMuUHH93RW9r9w7csz
5XEaR3QBKZ9LwJ3xZUscHfoeAFacHfcDAc4eYuNxCqd8,7JJ6huY7xDs6RQa6VntwkkT7Ld6NMfHWG3YcHLDogCno
7krpA97C6DVaeonJENk8Mgrc2NUDv47RQZU4fntPcrYk,7J51JoSMLfiQuUNHgGdqxFGK2L5xtqYNTsoWC3HRsVXg
7mkr2BaLsRu3HVp23tM1USVbARKbawC6AWKDPAYAvbmC,7J32rgcHFcLwDzvWBiG2t1KoYTDeesJDUrrfMtzbqCF5
6TP8eLH2iqH1AsffWD6PKp9g9oTfpdKrz98z9KEV9gA8,7HQxwchqUeQGAQDpqLM37ywk7Gaw3wigTbSzapbUHpCU
85YK84ReFwLbpjBf5Pd16XuSHasvCzc5WQtTdsjdK6r9,7H2UkHRaFXx5UKTXm1FZ1VvDQu1uonY6VTubreVV6Ugj
AnuJCWBAkDhgNS1PjDNXSecnpKFkGPRZbbV81NCZ9L7T,7Gg2Ef6sFn3YyGvdNhV8LieUgbbfDWTgesw8FkD8kdMa
FCjdGmUM3e51U8oviWm5EPmjsNMKxtenLNaVz8NjA8yf,7GGDWDoEgnvfUa1awsNYkKcaEyKzXnj2PuDJWE92u461
8rq8MgwMxEiS6S11Mw3qdRKgUQwcai83T4p2467RegnM,7FPdkoy4FpvpriDHHxjPoGeZGD84WYySHxTM6yeKpdHH
7mkr2BaLsRu3HVp23tM1USVbARKbawC6AWKDPAYAvbmC,7Ew4ERTateNhmSQiL6VfQmCqVMoYbUJwgpoUnC81Mtdm
7sJ6wyCDQqyWyAS2ZR1r28makjaf4mUYkRgCi5pDmfQY,7ELvqjF5HeYq94rto9KCHfXfXCTZjvBAbDtoHbnJQ916
CyRzuuStoZQebUE4xQM5EUbvcHvMzGxgFes6xdRh9RiJ,7EJS8BN3Li2LGYCuwoFzpXxL9AL7JnTYvDRCn2EeEUN3
THthoAPa4rKqfZLe7oqzW2G6BiQoAuyw4Ty7GK7a9WG,7E7dYxCEDJ1DpY5WMLQpmdqe4KKnsge2oECUfqU99Lpi
HGJzzkQSnFmyEbR6F4pNZdxYYrDkoxhsZn4AZMAKi6dr,7Dum8xNYdtbGfkLnR6Acs97EP5bBFnJkayhGwAtwScK9
BYrC9EVqGHKasREuDKuRh78MzfkRFv5gRRhf8vssMbEt,7DdvWAt2BxBihjRHMQauEvyrciAs7i6xKZA5STpXHJYj
DGjQ7o6kYJ6nTAyiYEXFyM4EThTMdavm55b1sJzVHCHq,7DCKRnaLJtLN2hYYtf1AS6o4j6SjY6YSrKQoBrd2SK8n
3HpsMQv5vnUHW3Pc8sbU8U3KTGVd98Aa6pJUu7zgQwzU,7D61NKUzx9sSgd5z3C3ZHLcgMDBsaJWnNcZauRmp6LcK
7mkr2BaLsRu3HVp23tM1USVbARKbawC6AWKDPAYAvbmC,7CY7mu6ciCfMDBFW5yLHyqVoSchUpdJUWSJzjYzZGnGq
ECPQGL4oXtuk7HCraTcT3j6wS7yb9jn368un6JyWkrJi,7CLwA6wY2U8yqEH6njW2GEkHP8yiQZo3Nxjm6YrXbQdA
HMoZN3FEvxuecjGETQMa8EGPsCvibAbPfXP6h3cL4E8b,7C6d7TRMmF2iCufZByfe7neQB39r7mbgoDUvtcYERYCa
DenXVLRxRR3yrXFzwMEpnuizCcP6YMpaN9jUdZy2N8hB,7C6VXuBbsKu38x12DRpCNXnjCj9SmiLJwLZE8j8jfREq
6zr7XV8KwBk7R8JMj4Qt7QK4RMN5483mJ34UuPDDKF8X,7B5s8itwjjgMr3EY1PxXJcDEwjHRpyE7sgc4Kt9dCJNm
Cp9V3qLnjjCH7SNrEAtjqywqeztZKpXckDK13BA3EBU5,7AerNqpDmgDPVLersvGSEHYVnDX2Eb5UgKvTb3wuYz63
GYAe1c3U8MQCRXaMLqgtcZpjDwpv3MBa5H9DphhrFfjW,79RUVpBqw6Lb1EZhieuAR5ZJ6THoLNRsDsHV7EiwxE1B
FezAFfXsaZ4z8jGGeX4JXweSnwL4oh4J86AqqfEoEdcy,78j9TWhT7Mvq72BqTvYYiXGhSsy3qT2GUmyUPXmD68f4
BbgTRsfwp2F2nR9eE3raNUGvXgraySTFCWyvvXz1GiwY,77yMcGGYftPDUurnnf2R4wcgXgEnaJCcfsVasz5pLNMp
BbgTRsfwp2F2nR9eE3raNUGvXgraySTFCWyvvXz1GiwY,775oKHUB8AxRNumWz8N74ez5EHAhPcYmXPGok2Rzc7Tv
AaxiSJuWGXmNm5y58sx7wtD6h6cAWyg7HuqVDcaATz1K,773t58cyUN4e2vbHeg7jF3ciBPbqGTVo5YpcBNMLrWwi
8iA7Q8r67NGJuULoxBThDAzMUKfFuuXUb6xEUppL33zp,771JrUtVArzHLHM1Eaaqsy9bqjbfkmZDX3CLvBVpqzke
5Mic1WZXEySfSaeghLahBkqbS52i35vwmG6eAPEc3oph,76o4nGbX1SPcjs71qMiFrTjCZpEV6g8EK2nwT62Lox4h
EBMU1qZXJXNEST3rqVJtfV8worria7nM9qccCEawyHyX,76jqndd5FDKnR9wLwBPsirmsbiHauttjhRnhV8Bs1kX4
F41EVDtEEQLjG5PNiKMb5fWHAsEizXpg21UAZda1UbsT,76TKx3GBVzf5nYEtP7MP1JuMypL3qdgyapuPPbi4HCmq
EviKZozWYJ6jpL5jk5CDT4Ju2haCNVtxhSRrkhVDxnhw,76RdvNMfghg2TYU3YKrrnGX3qqMXr8MEKVsepNYnaC8P
3HpsMQv5vnUHW3Pc8sbU8U3KTGVd98Aa6pJUu7zgQwzU,76LP3oKqKCczknS3N8Zci3oKcS52E21kiGmbsEZPYYKP
BgcHttqUndz3koLtVUqZELci8hfFtkbzJoxh8TWZJHVv,75s2wRE8Czrf4JtLV6iyvi2YcnVVEzCh3EvoMbW8mYsJ
CKiAiyoxFaHCiN8jCCUWERDeuFBSrvFoAsT47pg8ifuL,7514dAJV8fyQtm5ABJxq71rfuDBogXvUbc3h3GjMYw8L
6kTrBYoyrjYMXPGMCznmFa5brru5X9TvZuLrFLrGCaxE,74iLvaUyFRXsFRF8TN6Eom5owEmER4Fn4S8UazJcTgxT
G6bfDikmBmntCLcLdFTQhZ2zhqcuWygDpgou2Nq8YqX1,74cStJEtB5Kwg36ZKw8qgKGGCYz16N221sddC9bsfZJD
1BWutmTvYPwDtmw9abTkS4Ssr8no61spGAvW1X6NDix,74cFd3YkxCDbFdnotkxnpGM5ofSW9uyaK4smqUdfnFbR
9DRQpunpejKwU5jVvFUm7QGmeNjyaybvh2s6CkyUUT2T,73gnQhb7RVkGJn9S57reJcCX7GxLumK6h1afP1YBs35c
85YK84ReFwLbpjBf5Pd16XuSHasvCzc5WQtTdsjdK6r9,73QssvhL5A4JWn2DT4N3KVrERksZXtyEG4LTniKFHoJx
GEJ3zU94dgUcrac9QQF7qfF1w62toYhXYDKKCES8pXuH,72Vzu1C7aSwugx8hsg6qq5f7G5piCvthxGuVQTmpdyzD
C4yo35zPv7x1MxRpMYeDzvAYYsaWur22mrZ282b54ySM,72SFyp57UubBN6ZWJjTYL887ViNXp1k3VcXtun3iUAfX
1BWutmTvYPwDtmw9abTkS4Ssr8no61spGAvW1X6NDix,71zgToQD8a2Au365KvaWwtHgrer4Eq7LL7wVTFXyAsXp
1BWutmTvYPwDtmw9abTkS4Ssr8no61spGAvW1X6NDix,71XysK8tshUv3uvCKJHEq7rMo4F4SmYysSMooKoax9MS
BbgTRsfwp2F2nR9eE3raNUGvXgraySTFCWyvvXz1GiwY,71EsjUYDFh9Wa4B4zVmSsAr4zquxAbZUQ3NEDdNnv8ob
FTrH7Q3jJ2gkPwvpgR8KDGtmewRbB2RKBeKYaZH7hiNy,714csTsFmQFtTXYu3DnaqVFGkxerWeNxwQ5mArhTUsap
9DRQpunpejKwU5jVvFUm7QGmeNjyaybvh2s6CkyUUT2T,6zwR3efkfbKeETeukkPzWKmZaePQChyiMRbyQgkw324E
BdsrCk3DRm66usFF37XnNqJWsCX8WPgwsZ6Nw9gxik7c,6zVK4F8hsHMs2ohZNBxGhnMntPDBWrCx6929DiRP3qwR
8Q4fYfyDCD9vHBxYqdFww32SBSVWFy3N7mx5tyyj5KZb,6yyrfy6TWLNhGiXWq6bUwmMyZP7PYyT7Gywi9UJoKj7y
DmsFcT68wqampP78Hm9E29DBLG99FuZJJmZAYw34uvrF,6yt3rEg5DB8nEb7medBf9iSuqHHz5M7jiJioYDVEBV4c
52mA3o173dBNEH2qRwRKQKZtZAChv1QXv8pNHX16pzdJ,6yLJ2xg75DKJGR9H875VCXgkFAHSxzk1beDeVXr2xmK5
ECPQGL4oXtuk7HCraTcT3j6wS7yb9jn368un6JyWkrJi,6yFyL8CH4hgeT3no8zMGf79y3z2sQgEko92ubwCGh82G
28zpBTAzbtEvsfQQCm4QbV7oqd3dryfzzriU9sLroahE,6xqFbDpjSwAm3XdByhPjV1W9EQVujKuZEdciQ1t4552g
FDiLdtmNPWG7JikuvgMqYF7umENSzqJJtoJHpSVGBnPQ,6xJDJtyWtzPmCCVktxSU5RC4zY6WgsjiqDwnCt9Qs4Za
DsmM9H5bnAqW7Ln6FZ2QNMegg8uggzzHMrvbpKUxdXur,6x7p3xxF9zibkaqhLkpgmstnEcAFNzgxwJjqSYB5h7Zj
A1DZeL4TBtGvKb11ei4eBoAs1aRN9fB6wjgkLY8ER2dg,6x26JRNVTw7MFa9NmygAo6P5pcKMXddaRwVaFULZjJvh
9wZfVrquxEzQjR6fiGmP4s4Q5MwQFFTDFaGwJi762JLK,6wqSDHBQPHD8kNnkBTsgGAqFgmDADNbsHaCWQiN3hyDG
9B2XQw3LsWph3uVhvJ6A2QeoR3L9vXmYropY9JXvzCva,6wm3AGUt3MpT3Ucvtuunw3r8zYsRetU3Jz7udfW46hMP
A1DZeL4TBtGvKb11ei4eBoAs1aRN9fB6wjgkLY8ER2dg,6vQx2BEGR1NezQD2oQjvzfWPrchF7CPg66xykb7ue7uz
FTrH7Q3jJ2gkPwvpgR8KDGtmewRbB2RKBeKYaZH7hiNy,6uivMwtpPHDdgJgoYLeNXJgLzHQbT9Asn6Q8JkzVZkTX
6zr7XV8KwBk7R8JMj4Qt7QK4RMN5483mJ34UuPDDKF8X,6uSRukjghznfmEsxSfgXVzbnJN89QrHKyT18AyPjjThV
6ccHryyBkCEiCMouZU1a2MqZqgJA5NU1gkmrS5L9ajsf,6uAF7C1tyG2v2xwiwCZ53pqbtmZ5P3sRNW1AXnZLoK3Y
2dAC72r7qBA3sxakqSNg5RytT31T69fuhDw2FrvNxGSL,6tkNdmncRxVC6s2DuTVfM1AxD25fKBSPW7UuPZws1JN7
8Q4fYfyDCD9vHBxYqdFww32SBSVWFy3N7mx5tyyj5KZb,6tUQjbVNQf62xfvuGcfZFSG98Fes7wnBjCChKt84gYAA
9xdoAzBMTQ27U8jQtHE6CjZvQFRGNpdv6FhA4GHRPdYn,6tGqoLTtgVAsCsnRAJpMCbwgPc1H72XZU5LTr2ruzDP9
7BMzc79CGC76Sauf6dq9QWwi7uaUPKqd4XRjtoxR4H3J,6scckpacxFKAW2xiYa8aGAVy32pnHoxsZbN2zGkJ3p1c
HfsehwegnmLwFmNdxd1NzDE5NoC3K7YER35PFsDutje7,6sE47K5LWRifp7FXq44c7dck78rowQLEDUJLhHdE1LUo
B4fUtc1qis57ZouVDBjGZnMERGBRiuXKiZtufJGX2YC7,6sAkzLq6dNonm9L3yYXDKM3ngH8UTJtFr5B3DpN3DH5f
DEoo1D7gLk4LWtEeWhMCvdpNV8ZvAB7GwPaSAccaxQZx,6rPjybMYDtZBLWsnLqtfYaTp6KooQEu5gUzNjsPS3div
7DR5N6cg33MuM4LwjfFmWTQ2EZj5vWLZHBEkP123Ad1M,6rNhSrPJwFHigUpi3oJ9gocXbeCwPKFYTU4vLu7yVJZ4
8UfB2sfsFsb4B7xisKj7wYKWbQrmEd3nF377AaD9yf7h,6rDKbvdWY5bvWa7CgWudsXBRTKWrpea8Jru8NADPF64W
9cJBcFEy5hpaW4zPUxpKjmaPMNA54BenRCC1z8GygFY1,6qyrVRkQCtWHibUWdJdbxCLt22aePzMCJLPZR2G2KV1y
BdsrCk3DRm66usFF37XnNqJWsCX8WPgwsZ6Nw9gxik7c,6qyB43V2ahsRE4rsWsDucQcQqG3UMgTSqGkuRfkYHWbf
21ufDGsSo3cLvJ5ckMHbff79mGL6faDv5jxkuSMTseKb,6qZ2P6bWhspD6MYcTHVKkKKFijujwGxBVjkGsi7Ud7A8
1BWutmTvYPwDtmw9abTkS4Ssr8no61spGAvW1X6NDix,6q5drrbnsi7vLeazPW49bWk4U7mEq4g8V4i824W1nJ8h
4szyokg5Bq4TFFTzKY7Vp9dEFuypNZgbNLJW93ou7Wx6,6pyoS8M2Dbai4mmF5ftzxdFsM3WysDfSYgQKhmDbsjtv
FTrH7Q3jJ2gkPwvpgR8KDGtmewRbB2RKBeKYaZH7hiNy,6pmw2qyMrLE7h74jzvHoXQDjEqwrhafvjnanSDBcyHoz
Azw6T4XMNmDCR2rjVwD6WRrE9sp7E1qyHe3Lp9HMrBbC,6pUoeHt5KAtZMvEpRzfzVtkVkko9bEnP5Q4yPvZWgnSq
EeVRg2eqVo5Ce1u61EoGXdhyQDaYsXVrH1W7fZqsVFoE,6pTXwKHhYqSJXLzLZSSsxMRG2kdBgrwSoTuoCPhonxNv
C6jGqad5b3e3a7WbRrxhzLjdMce7BNVX16HoyoyzQFvV,6pDLkr4ZbXPFkTtaN152Gtvii8H7YAjMdPDCqughBjMb
H4Q7q4SKsLnUPmGWRS6kzQjaajfgNDQMAWEuaK5TYhBR,6pBvxavMZSbhyS6K6PiYimQCNvTG7FdMZ8G5MuRJS7JM
THthoAPa4rKqfZLe7oqzW2G6BiQoAuyw4Ty7GK7a9WG,6p4xuWTnXC6GSbGTUDK3cZfHHyHZxRSugeeYMs2b2x6c
H8CS3YkuoAb2r4gv3iHXKdWugAh2QP9Ww8Q64dn5z6Br,6oovNUcek8eLY9btphFHQKXXHNqdNb328c5rJb6fWHkp
71BCyN7hLuj6wVvvWZJZg6in1RPGHfc3H13gQvt2jKY6,6o3t46bM96Tm2rgAH3zdkTFSWyNPtS8mNCe7C6DWAEAr
9vGPfVZNhdUfy9iRrMg3M9uw5zhPdEBwCS2qrjcPhbEV,6nZo5FqsDPdkpqbawMgUgeHDZqjhd5b16TomjdSShDrA
A1DZeL4TBtGvKb11ei4eBoAs1aRN9fB6wjgkLY8ER2dg,6nYBy969PAPfjB1WsDy5ZLpiJasAHmEh2KCYB4SJmDFN
5RRzt5impbDhzGepEZj44JqTu7o6NmXNRKSM4rSQPX1z,6n5WwGmyz98TkT8huM6Ae7uW6i8KLTR6FUZXuT4Lmrwm
ZE4LyYi6TyjoEs4yPvGfCfXYAbmkptN19J7o5wPP8KY,6mx4ESfvwsxCTx71g2ndHsxbMUnmViUkMJpDCP8Pjty6
CyRzuuStoZQebUE4xQM5EUbvcHvMzGxgFes6xdRh9RiJ,6mni8Q1PpYLA4c7ddaBUQ1YvickWgW3amCvATznv9BY1
5RRzt5impbDhzGepEZj44JqTu7o6NmXNRKSM4rSQPX1z,6mhWw6eQosVMWC6WesEZs8SMniVEn6RX99FuzQQUkiwH
5u7YxcfWvh2wMf5yQP1pujNmxQTohzSgp1w3umJXEASV,6mhRSb3Akiykp6Att3HsSfh2VkfhVvp9Jv1iRQXoFSYS
BdsrCk3DRm66usFF37XnNqJWsCX8WPgwsZ6Nw9gxik7c,6mccLMT8AXsugusuSnPrhnY7T3TSMjZmXbmYy3xhLoED
5RRzt5impbDhzGepEZj44JqTu7o6NmXNRKSM4rSQPX1z,6mXi73u3B9Zk9tM7JnTfcoH3nFiPTdPphoWjxbCAfLpG
9xdoAzBMTQ27U8jQtHE6CjZvQFRGNpdv6FhA4GHRPdYn,6mWYirhToUbgbPpWWybghzUDKdQMH5Dzh5wquSS72JXV
GdFLMtUnDwmBDP3NTNRbdd6KiVNgkGueuxeGdY7P6EbB,6mN2BvTBKSMem6TjPXabPSGaNVHDqurk9EwgkYZG6tUH
DA4HR8Z4qi5XZyaQ6sL8DTsrnFbmkJwASedzT2hCc4uT,6mMXynUFHeMv4Ew59ZtPMXUw835Yn9tQhQB4cCKPBRSd
3ukVQkntQ1Ydosb5yMrwA7xuDbbRij2JNSb22zYLWCQT,6mArfu5bofbBANhYXCzdhJiotzSBxHQB64fiFgJKFYsW
4EXma9g8hmfxSrKRSqWuyVeMYGJfftSh8n7xSZTYkekn,6kpKvbHiQ6Hn7iMa4DVk5QCDBFPtYfxvTxWRfhALEASv
BdsrCk3DRm66usFF37XnNqJWsCX8WPgwsZ6Nw9gxik7c,6kkUHfdvcMFk2SpxeX4xznWZYSZ9ihaDDt4Cp1Myw8fT
C4yo35zPv7x1MxRpMYeDzvAYYsaWur22mrZ282b54ySM,6kjC1vZXdMRWcm69mKYmfLLZGxUUEEg5vHnKdG1wytLm
3HpsMQv5vnUHW3Pc8sbU8U3KTGVd98Aa6pJUu7zgQwzU,6kc3eDJZmmQXK5jVCkdi26ax6MPQT9YqGGNYZKwgGGha
HuFJ34mrFK2LCwgaTL8vBr3m7tZ6QpNFCjr68tw7wetk,6kbGhZE3EoE6u447T6GUEwj8noiiBYUMrBXm87CeQa5w
5RRzt5impbDhzGepEZj44JqTu7o6NmXNRKSM4rSQPX1z,6kRUGmBK7wdyK6pyzuHxiUoRd1mU75C4NHpYeKLQzXCW
ECPQGL4oXtuk7HCraTcT3j6wS7yb9jn368un6JyWkrJi,6ju59K8UEcppsRdicn9KJ6qenYhuMXHYYNLbjZWpTcvS
AwxnQeEskNcZcR3oR75GMsyQN9wST1zCyK1TRkcktpVQ,6jtwnY6iZd5iV7DCPWXaiLSheuxnf358kvs7GtCmW7n1
28zpBTAzbtEvsfQQCm4QbV7oqd3dryfzzriU9sLroahE,6jXt8zPd9c96egqwv1YYhybwjJFguL1ApgntU7ra4DXo
CyRzuuStoZQebUE4xQM5EUbvcHvMzGxgFes6xdRh9RiJ,6iuzeC5j62Lze8NJzVhrfjyoQqSYtaQ1d67QsbznXjm4
FkHuNZWsX7Z8mupMShSkdTUAfdhkQJXHsZ9stmSJEAiQ,6iSR2fdh5F5QonyZUbj4bAhvc924hXyCpZWTHFW7oyDQ
BdsrCk3DRm66usFF37XnNqJWsCX8WPgwsZ6Nw9gxik7c,6huxosDdr6rAZG5vQteFiP5Hh99skVnaSAQGZDMAUkRs
ZE4LyYi6TyjoEs4yPvGfCfXYAbmkptN19J7o5wPP8KY,6hr9RH3mLph22vGbauCBgAR2tLgu7WiuZiABXyS3i7f1
1BWutmTvYPwDtmw9abTkS4Ssr8no61spGAvW1X6NDix,6hoTKCmbZVNRHPbGMZQrLnKDAKA8pgL4EcEekVbGM9dz
EsiL5Ag2fq5sBMhfCbj7Ki7S36mvfgnA5sALoVKfgxZu,6hijLPfE3xaGcPTXeUtNF7kqEvjcV5f4qp69GT6ad4Yq
FRiKTTtBFCraXxAdN9WbE9gHsJHauHzLKf2t53xiyFRR,6hhtgmFFqyUb7UBTy9yNUqouQjjs7NJShxZYTA5DL77d
B56NDdqVevb6K6aV9QwFkNN7VgNY3ZdjwMMCKSHZzC6L,6hV2vhpBcExxfxAEb8U4ai6GzT58EnnyxnrzbAm5RseA
A4H9f41rngpzGE3ZUJTyBxLfB9LtH3q6WtGcwcyK544C,6h4e9hPLf9w7kbFc37qgQtytCNvm6PX7dfn5NWJp1hrq
THthoAPa4rKqfZLe7oqzW2G6BiQoAuyw4Ty7GK7a9WG,6gU2zj7WND1n3RaC6rYFjCqYYAae1F3kSa7DPiyN8YeR
A1DZeL4TBtGvKb11ei4eBoAs1aRN9fB6wjgkLY8ER2dg,6gAfcWCVWE8dgUsywGiafNAoCQptWudwadKFt84ADmx5
1BWutmTvYPwDtmw9abTkS4Ssr8no61spGAvW1X6NDix,6fhuuaqN4viYj7b1oEz3HyYVCgMeKFrVXLpqitDFiEsA
8pkvUUVAHkZM3bV1kZAxuVrcW6rhb43bhqRp6KznnJMF,6fcvoc9ArTMeADSyruMNBFqeb33mEhwEMpSNWqHwnBZ1
7dy8heSXUKaX3nRLkQ69NetzQxZYNQgUQsCsvTeV8MVt,6fRjgofgHFA3VffsLo69q7ktsvoSHXCykQa9kjrTqJ72
7s6g9JGg3P5vZMnW1NXqfCWMhz7q1ZYrJVaQL1CNsqmk,6eVoQ1LM2zu6QFRAp6gMwifRgqsYSZA8zdtLjjro1knW
2SNNfXWa6iTMLJbE6UodKjPW5rXbiHaG5XG2TpoAh9Wk,6eEtakE9FHpGgS12yM8ea1MKXGhCHpETfb9VKLR6VaFo
7sJ6wyCDQqyWyAS2ZR1r28makjaf4mUYkRgCi5pDmfQY,6cvEYCmqNnYHYqpQCQmj4fqyTd2T3wqawHupf3DpABUk
ZE4LyYi6TyjoEs4yPvGfCfXYAbmkptN19J7o5wPP8KY,6cpj8UhtGuqHxLnjQgVyvyUpr32aDWEDSxJeA8azZ5kv
7sJ6wyCDQqyWyAS2ZR1r28makjaf4mUYkRgCi5pDmfQY,6chVxrrM53e9twmuPhUX9QBq3mzf8QsqiZpPAWNpRJQo
ECPQGL4oXtuk7HCraTcT3j6wS7yb9jn368un6JyWkrJi,6cTAqHAaGfABrNithFLeg1WbNifWbijkbDnB5fNvVwMK
7yEKqyfRMMw7idsttmkqXp2Jtc1ooDgT6aZ6jm3Vmqgn,6cNRL6DW1FzuvuvvYcxbmnGEfwkQ1hxLeJia8HN6qvWk
ZE4LyYi6TyjoEs4yPvGfCfXYAbmkptN19J7o5wPP8KY,6cEZcCTf4QGZpkDe8YoswJaFp3DWD39Rh8En1riNQLVq
FRiKTTtBFCraXxAdN9WbE9gHsJHauHzLKf2t53xiyFRR,6bx1WfP4C2Fxx7XHFXujPiDi6jrWGesiuGNR7vv4ja79
CyRzuuStoZQebUE4xQM5EUbvcHvMzGxgFes6xdRh9RiJ,6bokJTpGSyKy5Bwfa1UkKVKvE2xgEMW1nQVuX5QW3wh9
7QjpEYTntTZzdghCcE6hxKK1BM3s1Kyrtq5NuyzVE6sk,6bh9J7h5LWJDrMHXaT8i99b4tmYuNTzXKF72TwAxmWyy
8VeeZSEgyMJRBcqmLixvLELp7ngqMY5CB3qmJg4Se5Ti,6avVtxb2532ycQYhBh8qeiv7etMfpkZNWFC4PFBeBSu2
GEJ3zU94dgUcrac9QQF7qfF1w62toYhXYDKKCES8pXuH,6amamR2dHtQnnGwPfzMwRHtaVKGaunVVKQztEWF9VygF
BbgTRsfwp2F2nR9eE3raNUGvXgraySTFCWyvvXz1GiwY,6afGhVpdb6b3NX5xo5hRPosxLPbfiHoT2G1U9xZtZWXU
FgY5QcnWjWresevhUqW2uWyf5KigzeLd4gsebvnVWpyf,6aaahd1MrazepKdokTzp4Vd12pcYYxxsowkkkBPmdC9L
BavzvGgTEuM6mbZtnyLo6hgFvwaEAQZ7vBtrCwYJDZHh,6a37WiGYqdNucKBFptaEuzdRmyyFXqxnBNTFnLK6fbYh
THthoAPa4rKqfZLe7oqzW2G6BiQoAuyw4Ty7GK7a9WG,6ZBg6DoRZXTqJaep4Cg8YnBLceoTJpxbdXSgVAtxMSy6
AaxiSJuWGXmNm5y58sx7wtD6h6cAWyg7HuqVDcaATz1K,6Y7ZA69s6nDnTu353GjFwTkSwtFjJ21AWAP8EYqUw7Pk
46HRYafCqKcAaWzw3H5QyXuEATGxR2v3bgQYyW2mRRdb,6Y54NbEx1UpebUftkRdkqqxJ9ybkGmMSV365yH1kMJ2B
FgY5QcnWjWresevhUqW2uWyf5KigzeLd4gsebvnVWpyf,6Y3ctQWxaW43gV5YNsJ3Mj7GFLvqf94GaYkyQKTgwQMg
HGDgNDA2zuYXdPkiU2JCgQ2h8NThYFCTvV1Gp6Q2vyw7,6XvXtwsecdLKMKBursVqhZ5zGYHVagbekC1SVZHidqcF
85YK84ReFwLbpjBf5Pd16XuSHasvCzc5WQtTdsjdK6r9,6Xp6auVZZVVqi44ba4c1vsstUW8y9H7aeo2o5fkJpmJo
A1DZeL4TBtGvKb11ei4eBoAs1aRN9fB6wjgkLY8ER2dg,6XdfyvCqF5AKg9DqkaUfXt41vjjZZ1ANhgcFdFKGS5jR
773aDzyDLsTy4VtkKX3mG6Umdkg34Xk8yfdtTTpzDBf,6Xa1RaijtBoV27uPznUnTXGMBbLkhFaSWaV23fygnmQG
DGDZG8yJpGvTKy2s5KrTgEThQeJQ49Wr3eCFVsrsCZ7W,6XRybaa3xQmW35FMdeHHEpFmYBgB2VbmXbo5csqnMcY8
6Pb5U7iSSkq7YcTeP9Qdwi9dfNcRpqgSpxA5wWuU2Eau,6XLUGSebuqqXNnRCTwp9kKz7yawQ8CSFfRf7tijLJUtt
Fs3M34Y4F3PV9K9xenfdLDp9bBXgp5ZF6utxdaXainY3,6XF5JhmpqqLSLn2ZbMvEjZ9YqX2tcneqbcZPrfhqtXXa
wMWvm3i2qNobhL1TqJtyQ46SSmz2n4VrkbdbHkRkPs7,6WwtrA3jR2eTcsU6qYKUehkJQGmDvpeXTvPPdxdjjhBy
5Mic1WZXEySfSaeghLahBkqbS52i35vwmG6eAPEc3oph,6Wek2wK1tx9PVRbQVT7BgAKy1Fi9biM4LTfMBZZUH3Qu
6FyUCuUEqG6qvbztck8tP12pGYvP9hKwa7b8Q7HzGYhW,6WUUits94CM4WjhTwvpqfwLy9GKoqEiq2CZvqy6s8yrk
7mkr2BaLsRu3HVp23tM1USVbARKbawC6AWKDPAYAvbmC,6WSEMH8xyfpjkhyjoYrwa37aJuvTVE5JSbHxnD3hirhn
7sJ6wyCDQqyWyAS2ZR1r28makjaf4mUYkRgCi5pDmfQY,6VtRLD88TPXPhtQ7YBC9c5rKjU7ULq8MJTRUTPNiFwx6
9vGPfVZNhdUfy9iRrMg3M9uw5zhPdEBwCS2qrjcPhbEV,6VoBL3xxLiyq2HbuQR6xHuDEU5NQ9N23drtr9VqkqWXn
BbgTRsfwp2F2nR9eE3raNUGvXgraySTFCWyvvXz1GiwY,6V4TEG5sDwqUT5H1LYxT8gVmkrqMrQUeY64QMnk5cKtN
A1DZeL4TBtGvKb11ei4eBoAs1aRN9fB6wjgkLY8ER2dg,6URS9xjLwx8xYNkRfLMMn1T6NncCFYeQJH5ynLkxUEWM
6Pb5U7iSSkq7YcTeP9Qdwi9dfNcRpqgSpxA5wWuU2Eau,6UJkkXzACq5ngns64jMYVQW88d3BFxNipDsYHY6Lr2WE
HYn8C7jiyawxxYjVwV4eUzUw2yndmHYDBZb7zCFScp83,6UBU6YENi2VUjMcEvmKqRsx7Uw5Z65AzSmwnkAQscCZ2
AotZMPb5Uq2f6EjXQYw1nRQC6RdQKw14DGfWpZt12i6E,6U1WNnULyHqeL1gAAiYYPtEcUT5K6U4hspP77DJTV9DS
CNcr1u2ABLqPm9Zvp8vhr39D4463ZPkiPQ8YNnFVxTWJ,6TxAzacZ7nLhrxtVZjqaTWf7QExrQv37Mbzi3z3uomsv
DenXVLRxRR3yrXFzwMEpnuizCcP6YMpaN9jUdZy2N8hB,6TpPAxnLXE45BwFuUmEe9DXBSdaZt7G6Q9Sytoj7U6Xd
CyRzuuStoZQebUE4xQM5EUbvcHvMzGxgFes6xdRh9RiJ,6Th8Qu4b241ddQfnKh5YteY95krkVW4Uw6E57uBch3hg
6FyUCuUEqG6qvbztck8tP12pGYvP9hKwa7b8Q7HzGYhW,6SjJG2De8ZcCegPp5C4o8DcJXGxzkdcrefLY55mJgMYT
BbgTRsfwp2F2nR9eE3raNUGvXgraySTFCWyvvXz1GiwY,6SisU4vt1gJU1hgTrLkPVxmwk1FSFeH4hPtJSnVd4LwS
698x62Hd1rucBrpNC1qjDkQboTkcTZi5PtPz7Zjb3dsa,6SQvq58P3bv1XdXk2PZqjLBkYtNnwm82txDZ7myewheA
5RRzt5impbDhzGepEZj44JqTu7o6NmXNRKSM4rSQPX1z,6S1UW4mRSj9XXHCU5jQJzUVVALch52YZC7BWH4rtkUQC
8kxXmJJiBFosC8qj6HSu3tjqhD3gWVEdN459FWb1skGK,6RUxpxFQGmFQU1TvXGeePgFsK6tr6nhNV7LqUQV8TNVp
AVPqe4AxzqtFhrqEww2hxKNimETJtzojaqajGJkDU3oK,6R3kpAJscj3qx5jZ3sce3DKdnMcUpLXxiw6UKUbj5iHq
8egJKnneyx649wBZ1oPFBP8uPVjRkPUjgrvrcwVRsTsY,6Qw7BuA7tiqCQ2prqspEaWtbvHR8kgfsCBYnZxLzQAWJ
85YK84ReFwLbpjBf5Pd16XuSHasvCzc5WQtTdsjdK6r9,6QfkrgDDAzNRBXJG1NTatPrpV4G8LhNtx9QjJrU1v6fK
8Q4fYfyDCD9vHBxYqdFww32SBSVWFy3N7mx5tyyj5KZb,6QSh2TCDtp2cyJZQtZjtxBycDmqJ1Aw7CSCLmXt5YJJu
1BWutmTvYPwDtmw9abTkS4Ssr8no61spGAvW1X6NDix,6Q3hvK1V29mY6cvQrVxZsGuiKnAxQR4dPnDSoh4xgpJ9
CyRzuuStoZQebUE4xQM5EUbvcHvMzGxgFes6xdRh9RiJ,6PvQUxALTTttV5xehcvEDVg2a7AyR1fvG92GdxftY9YA
46HRYafCqKcAaWzw3H5QyXuEATGxR2v3bgQYyW2mRRdb,6Pk9Pqf1Z6Y8pSFLsY1hinQjzADKCtpaio6usPjz5do4
7mkr2BaLsRu3HVp23tM1USVbARKbawC6AWKDPAYAvbmC,6PW8eXmx9XeHGsFrc13y7wyrqqsXR1AoQra7qTiJmEsk
E1Tx5cJQvazKcwXdfCoaaqpyBncfSGXvfCsX6ppPnGzN,6PVyBFPwPhHWs5ZwxEohNtSum7n1HCMyXUXkjZ6GKPRh
2rLmhS5oDqAUNbHaAFemTuVYNZcBsXNyj1KxDPPQqGJ7,6NppNcboU7hziLxGj7e67Y8B2wuUpU26oEcane86Qmtz
85YK84ReFwLbpjBf5Pd16XuSHasvCzc5WQtTdsjdK6r9,6NWbFhuzs4CiLdQE3b2PKW9Vg4cTjT9XXzMJRTeUzZeG
4dGYLP4sAsAY2oh71EXbq6gzhc9rT4RgcV67c7gXcjFH,6NPzzrPdoC38gaXjitGmf49EeLQfRzQCbU5hy6DMkA8o
6ccHryyBkCEiCMouZU1a2MqZqgJA5NU1gkmrS5L9ajsf,6NP78JBWyhiHgxaTjZbBMfJuYTvBfoEuzD38vmvtVQgg
ZE4LyYi6TyjoEs4yPvGfCfXYAbmkptN19J7o5wPP8KY,6N9f4JiGsB6Z34uUuWzQCJFZ8DdLHaFVSzaJRwSjj7aS
BbgTRsfwp2F2nR9eE3raNUGvXgraySTFCWyvvXz1GiwY,6MqgEhoTaePqLeL5WDV9hFcaUrQtAvu7xpqMVWsmskbs
FkHuNZWsX7Z8mupMShSkdTUAfdhkQJXHsZ9stmSJEAiQ,6MVSMVCWuDTznXuNUVBsqneRdAymtYWTVZDdaea4Rvvv
5chhHMDtKJSMufZGynWLFamNLvuH1zLsdYkfbwADURNJ,6MVMtknhpdyuthZ1aY6Qzr5sX23b1Jc2H5xeUS2tepME
GCpdCyDoga1UhbKFk1kMBnDhhHWZJiXWT78CSsXkSN9p,6LzhtCDgRGEY5qJkUaQUbhvdwKX2YB4yZmghMYn5Vgro
J38xEHfdguCqKkPtRkHoFzVwRZTQEcdSDhw3Cf6diXce,6Lwq8HRK8a431DX3NELyc5iuMqjXkZT4x6B2GpFo7TeV
FpGe2qCiX2NDjU8ju7wPUSavEkZN26mQV11vwRaS26p3,6LTaVCPFySAevTM4zPPPugam3ys9waqRjreVs3bhi33q
FTrH7Q3jJ2gkPwvpgR8KDGtmewRbB2RKBeKYaZH7hiNy,6LKL6cRgrzdrVRwgvKbaKJfF3RkzBmk27Fzy8FT8KhWd
FTrH7Q3jJ2gkPwvpgR8KDGtmewRbB2RKBeKYaZH7hiNy,6L2k4WNaV6srqviZfjHoKE4b5d6W56NwSg7zYUEKx5k5
7mkr2BaLsRu3HVp23tM1USVbARKbawC6AWKDPAYAvbmC,6Kn5mER3pUoXcvSCZx1nJ3SbZiLGsiXFJqyxs7acR4bo
85YK84ReFwLbpjBf5Pd16XuSHasvCzc5WQtTdsjdK6r9,6KmL4MR46XK8DPzFGgwGBPQLRtFdT3V1y7waKa6tGGL2
6jKoMo97ify51J2ZdHNj8d8vBvU9VdQvNfBCyEUaqagC,6JsVHx1QFSM2LQUR5i5nuMd3exVnLmy7sEDpDhG9MmUA
7yEKqyfRMMw7idsttmkqXp2Jtc1ooDgT6aZ6jm3Vmqgn,6Jg2RetA2fkgy6RdzYUkoJEYi4wMn2sfCV1WRZxCwviz
DmUPpRaKFTYAcV6Wk2zPjLSRo2XZ6J7qK4HMmFtsnkQW,6JZcHRFzbuVd7GCr4JB2Mbzbn9Y6qSd3XJq5h2Dde12Q
CvaHbjkN5CtMVbN9F9yugzEzhfoRqTsPqxTrBLZs7J2m,6JWDbnSYXSAC1T5ah6cxoJefb9naUugGbftzeQafWVkx
51o1kfbAJmEGuCbBg9sESpqemPwZgdaTc46wRQRWZ6WY,6HyV5YjKg5gcXeryPxaDufgfBDA3j2si6k2t2bi3ceNV
ZE4LyYi6TyjoEs4yPvGfCfXYAbmkptN19J7o5wPP8KY,6HjjtZeiFR8LpWP44TeaxH3yx1TaT5nxoRFvxiZdYZ82
1BWutmTvYPwDtmw9abTkS4Ssr8no61spGAvW1X6NDix,6HWxUPQiLGApBdQktbJ9i3AqqmQ2oKdaQJ7Dn3s7xDZJ
DEoo1D7gLk4LWtEeWhMCvdpNV8ZvAB7GwPaSAccaxQZx,6HVT1SEfzodGkEfiCJF1nJd57WsMEbdY7cke5QpySWZK
CPGJVvdy1BXwvDxVWaMTUx7rUVqLHCxyT95pnUv5jCXM,6HUiZRUuov5tVt8c6V3BhjQtmXtfTEundhZyWFhE4efE
9qGz5Mh1XNUXqY1vEg5S1ZEMzPFvBLRbp1qaXwxSFMby,6HPbiwxB2UQ43Jp4PPzxy5NpQT7ZBpk4phjVgGziZ4Gn
A1DZeL4TBtGvKb11ei4eBoAs1aRN9fB6wjgkLY8ER2dg,6HPT8JBknMm4FbMsrbd6X7MiHLMQNX9TkMNov92A3osZ
ECPQGL4oXtuk7HCraTcT3j6wS7yb9jn368un6JyWkrJi,6H5R5dM2eiw5jS8BKv3EDewjYmL8Scwy3Jyt99H4XxW5
DtY2o4h6TZEtQAsV85LLLzLENWnowP9Zehk3Py5YNPfM,6G6ZKkAj9rpFcJfrWgNq8eYGzEvmVnGtAghfqAhgQFKB
C4yo35zPv7x1MxRpMYeDzvAYYsaWur22mrZ282b54ySM,6G5uKCMPiSUVw9c5xL9yBxu55gM3GoEvKvCLNQd2x3k3
8UfB2sfsFsb4B7xisKj7wYKWbQrmEd3nF377AaD9yf7h,6FYQr4wGKaFot6HKMM9H1SAQhEXYBBsf8QyiuQ6UxqRQ
3ukVQkntQ1Ydosb5yMrwA7xuDbbRij2JNSb22zYLWCQT,6EFEg6tuZQNDQGfcKzbEKNU7GBt6W1naZFB1ji4P1AqT
21Vnj2z2SYZns5Vji4vEV1w2HMkZDZShmaPhWS2sbG3v,6E6UXnfAs27H8edSLJADS5bdCW43bxayD2seKj85gJoG
FDiLdtmNPWG7JikuvgMqYF7umENSzqJJtoJHpSVGBnPQ,6DmmMy2C6EDYK7yV7Eyrc2fJXpoLSFGUSz97ywRgFoqE
APMZny84AZDWCY33trBMF9noxrLAMRzH8Yanau8hn6Fs,6DgNWYtmbxR4qrzXPVJw1nfkzAMU8WfDLMrvq12rYgqW
BbgTRsfwp2F2nR9eE3raNUGvXgraySTFCWyvvXz1GiwY,6DUYwfpF4eQk21dH8NRVoJPc1u2D19YMwFagqJFxMZZ2
B56NDdqVevb6K6aV9QwFkNN7VgNY3ZdjwMMCKSHZzC6L,6D5xp5ME2a4C6JNLh6oSbWW3vXWkvWJDepniJzZWYbkQ
4vt5Ey7PJZqroBiDEJ52YY3jfYfZtqEmzSLsugFiLpnc,6Cn6St3kTpfzmmNGEASt2nvZmK2GMwm4qQmexAWmdPCF
B56NDdqVevb6K6aV9QwFkNN7VgNY3ZdjwMMCKSHZzC6L,6CCKzGCQmMHBqAhXWac7aey5LMTttVdNCGRUuVRLg94R
85YK84ReFwLbpjBf5Pd16XuSHasvCzc5WQtTdsjdK6r9,6C7H39LJaa7N7ecnUAmcdWYTkejXmnfSYGt2iRrAUMWu
GCpdCyDoga1UhbKFk1kMBnDhhHWZJiXWT78CSsXkSN9p,6BhjJo9brJJkiiQAvbca1Fo1VUxiXuUzC5YcX3TYAFHN
G6bfDikmBmntCLcLdFTQhZ2zhqcuWygDpgou2Nq8YqX1,6BUnGNwEjGnFEiG3eqZCSTE5bT4gHHG1oGeoPX4bJdcC
1BWutmTvYPwDtmw9abTkS4Ssr8no61spGAvW1X6NDix,6BFZXqbZt32TDy3fvXYWmT5BA4RnohZuk2QbTb7F6Umv
BtQXHk4UWfMvc9x9Ttz433hZ7hLvRKp7bojsuQG7HZWE,6B5fQt317pCfAKzq7hg2BcTnxH3TaqQYZEaxHMmWkogA
9xdoAzBMTQ27U8jQtHE6CjZvQFRGNpdv6FhA4GHRPdYn,6AhZGLTYQ2bLFDEKUAvL5GaZq2EXpmA58NqMhbt72sjk
HMoZN3FEvxuecjGETQMa8EGPsCvibAbPfXP6h3cL4E8b,6AV9v949GDcJqp9ho2ZuGU3diiYwW7Hu9ozB8bTJeCWJ
3HpsMQv5vnUHW3Pc8sbU8U3KTGVd98Aa6pJUu7zgQwzU,69zc7q3da3E4CqSZfJjfoCrRQk8vZFHr6PbpwSAqBFkH
EAtBd3Bjzc4cmNZNnQAJyDo7sC4d26PoEC7aTFqJqpyN,69oDnf3DJ77ByQXLBPha8WEzgFxotUhSk88zV34tCE81
BbgTRsfwp2F2nR9eE3raNUGvXgraySTFCWyvvXz1GiwY,69TwzHTTyp2g9kZir6UpyGMU6KkR35FBX6B1UzjVbRLX
BdsrCk3DRm66usFF37XnNqJWsCX8WPgwsZ6Nw9gxik7c,691M58iNSKbZVMRkoRJVGnhaa9bBGvtymqSwjpAiKZ5v
DoZ1tbFkx663Pt8RUuw5jzCeypUKQsehXsfuezmmeXrt,68wijW32YBvLMgLmDgzEBW8iarZPibChimC8L8wV5Hhv
9BjB56MjCKZpm3vSkHeQjJD8bsJ5M72gbpChkEoAJWhY,68q2fxmJnkccZrQw5AZ4zAfNNLEBFYVUvt2E3R2yFuRJ
DA4HR8Z4qi5XZyaQ6sL8DTsrnFbmkJwASedzT2hCc4uT,68nKt4G8wyphezFpNMoaynU2bCxSX1F3za5t7jyB5CWu
6dTJGqWv9b2mmRsNypKAVHJisFNg1ayJsgRm7XQR9eBY,68ahCZxA91FHj6kyHg9Hny4eZvyrC5Z5zRfBhUpcnfxv
57Ccm7yoa5YKVXehJHAQ8WwK6CXc8RL87gG53xYdrJex,68MNxW85oe2ADsHZ2dvfqSvkfSi8VsQwEkwpVqd4uywe
BdsrCk3DRm66usFF37XnNqJWsCX8WPgwsZ6Nw9gxik7c,68KQigxnS5FgN6Vsu9eHL7sDo7idBYpb6TQ6adQaChFJ
7pLVofwG8ydYt6nyhgsH46ZxchyUno5RgWBDmAeDBD4b,67hCJozFr75yWFE5VRXQgiZkKqx9fV57bh8ZnsX3SSwV
CyRzuuStoZQebUE4xQM5EUbvcHvMzGxgFes6xdRh9RiJ,67ZcBeEffJS8NVsRbPs8qX2iBSX9YKPWCnabSneJfLmq
8Q4fYfyDCD9vHBxYqdFww32SBSVWFy3N7mx5tyyj5KZb,67XzZpQ4kvEU5wTSJ8NRQw8iQo57xGTu8sbfjWaVuq24
A1DZeL4TBtGvKb11ei4eBoAs1aRN9fB6wjgkLY8ER2dg,67588hZT68KbinkJY1Ujb4CRfi6BtRdX73tneFyPwaMM
G49DRiRsrtwNgdSnE7x6FisMoA45H8EN9BdVA4dXaM6Q,66rv8DaESPS9p4weEAU3CnqrTBuo2xprhw5Us8JFW5yf
FRiKTTtBFCraXxAdN9WbE9gHsJHauHzLKf2t53xiyFRR,66MdVhhsSeQqVcFdCdFFhbU8YWhqhUmcEyju7jVLVKVK
4upfou6k7sensN7b8LFGFq4zekUaEFX1Gic2fSjgbNkp,667kHpuLPJo1nPS3mXLyAAuvQvCz5hRbw3yENgocpoR9
B56NDdqVevb6K6aV9QwFkNN7VgNY3ZdjwMMCKSHZzC6L,666X8iKcRUizdK8DcMMVbvUZGEPyxW1KLd6e1H9DM4H2
HuFJ34mrFK2LCwgaTL8vBr3m7tZ6QpNFCjr68tw7wetk,65wsy4QCcKszTUUQirJmQZYvEXuZvEHyewk4CkKLTahy
HGDgNDA2zuYXdPkiU2JCgQ2h8NThYFCTvV1Gp6Q2vyw7,65dcCi5zRQuKJ54o8kAoNFe2b6ZD4nqipfxzZo3HFedS
8egJKnneyx649wBZ1oPFBP8uPVjRkPUjgrvrcwVRsTsY,65bNFdHXWNC6FoXceRXqrCJQ974BnvBM15ihXJPLvibS
A1DZeL4TBtGvKb11ei4eBoAs1aRN9fB6wjgkLY8ER2dg,65MXHhWNTAY6Tf1uNEr9XDiZkhkjoU3mmrwKnUp5iF6m
CyRzuuStoZQebUE4xQM5EUbvcHvMzGxgFes6xdRh9RiJ,64ZABGGbAQtXTaNB8KKbQQ9meDg62c8eXvyAre5p9uTw
DXv44XrJaRvbK96Qz3n1Na4PjVBDYrDjoC8h9EyVF4Vk,64PWRXRG2ZEuSrhXKHnQkeCNdhyAGzqUuG1fuPw3bRMv
1BWutmTvYPwDtmw9abTkS4Ssr8no61spGAvW1X6NDix,64J5z24kJYELckrwFdbHd4YjsDx7SxWfFmLmNWi1MGw8
8Q4fYfyDCD9vHBxYqdFww32SBSVWFy3N7mx5tyyj5KZb,649BQCCqunBZJ2sYAxy96q4bTMHXrgUHB1wCQhB9oaQA
THthoAPa4rKqfZLe7oqzW2G6BiQoAuyw4Ty7GK7a9WG,63r52wuoxvbWZQEytDNk35k7wnTMPZrTEMXMaeaSxTVH
8iA7Q8r67NGJuULoxBThDAzMUKfFuuXUb6xEUppL33zp,63BALUXCyDWCw11BCLgXJJ4DnRBiXDPmm1qvGRJVKbJe
D7azRMpP6TadeMHJmpjb1jRhrt3im6kreJ93Sq6DzjJT,62YKukzAXbWSgTxis2dzDvfLKH1iao7s4rmDzbuchj6b
1BWutmTvYPwDtmw9abTkS4Ssr8no61spGAvW1X6NDix,62M7hu69rf4DjakBXGhQzVvfP6GRCCJsWmLi3M4Ef3sE
iCgittSbtE5NecVbUSJNQLNu9Ln2gaqky4n3uo66GzU,62Ls7PZjymnJr4axk1J9DcoLoabeS8PaqabLZB4Mg3Cp
AwW8emh1xvdm4JQGdksquDajDe8rpcajb1m5G1i3XxNs,62AqnH6MMZAvzywwsqrFcdVNr3gxVATbcah7cTLSXSfS
A1DZeL4TBtGvKb11ei4eBoAs1aRN9fB6wjgkLY8ER2dg,61srnJTw3ZUUBrrV1vsxk5fBeD53QKR2Bu2jhQHeTjgC
1BWutmTvYPwDtmw9abTkS4Ssr8no61spGAvW1X6NDix,61iKotyFNJ4eevx8Li5fiq58dDBm8ZZ9jnwshpMfK61W
1BWutmTvYPwDtmw9abTkS4Ssr8no61spGAvW1X6NDix,61X3yb3nKnLiUYtvQtuwA6mg7Be4b8ZXbuivaS7XpSFv
ECPQGL4oXtuk7HCraTcT3j6wS7yb9jn368un6JyWkrJi,61TQ981TQZQFUK5PYbcj3wBzxmS6QQiqHwLKdiktU4yA
HSXtx4RLzEbi3G4DEdbfZcyvZGtcKCVuXWY7BgxApNfK,61HVoCVq27jUoQfTD3MSpGhGD7Kj6z7A6xWenPgCujUs
eXqxnDxXzeRhuMirdWRFF1DG2U6ma5nwHWyqSXt3X38,616CdkHHsJuoP8XwG97vhc1RKhdH24bGm1LpALgSiyTs
BmYNWYtVPtm2JzMTkr6su9jR1UG8KZCHtfTsFeW4BjRZ,5zzsBMTVFi44mC71aQH3Nupb9TmzNZK9gQGNVue5xGnk
GEJ3zU94dgUcrac9QQF7qfF1w62toYhXYDKKCES8pXuH,5yhoChVF3gSdXvQQSDFrVriEhecxgaecYCPEWJTRWpRn
7rvBfawgMo7BvPyT79CaTXwPSWycrFLqLzyNZcT8PmVe,5ye18HzVgQksMCtJWeEGoX9vJ9a6Uj1vv8aMtaF9zd6z
DZGyo9uB61bXihsKNv2yEie7XuwHqFwAnoPxqM1ML9yg,5xh9SX5Le7cxJsqETqHeKYXGtLmmXmkd7mmUmDMfjixp
B56NDdqVevb6K6aV9QwFkNN7VgNY3ZdjwMMCKSHZzC6L,5xLxZbfJvByoStw2hoYzRSpx3q3zFCFbbvwURH6mHaZW
BbgTRsfwp2F2nR9eE3raNUGvXgraySTFCWyvvXz1GiwY,5wxZJX4M4ZFKnfN8Bvub6hR3kd5WCv4YfF26r5qJPD5K
THthoAPa4rKqfZLe7oqzW2G6BiQoAuyw4Ty7GK7a9WG,5wrWBURgxoSNAbWs8SHwaBMtMVgtWQ2RSPZqGeZvQ1od
ECPQGL4oXtuk7HCraTcT3j6wS7yb9jn368un6JyWkrJi,5wCr4h2RKPzMM8bZDVEFNTpC9SWNgMAPzoTRL17Euv73
7yEKqyfRMMw7idsttmkqXp2Jtc1ooDgT6aZ6jm3Vmqgn,5w9q7WC7UBpZe8z3yZzf3hrC8njzVsxFnrd51pNnhhdU
BGgNvgCkmqy1sB6vrqZ6pF6me3TFjJP29Tg91rFaiL7R,5vn5SAEzsXGf7buJhg326qL1nw9ncaT7FFxdAbwXJw7a
THthoAPa4rKqfZLe7oqzW2G6BiQoAuyw4Ty7GK7a9WG,5vV3pF4TvJoZA14jWj5YMH7Ue1orPq8uSP27X2cuq5CG
1v6MRkY4Z2dBAsbibySvuaj7kXssvJrvYefLbSsWdzC,5vNuDyu7oAMf9P3sbsWerMdfKrr38A7aPqpXYJmvHZYE
APMZny84AZDWCY33trBMF9noxrLAMRzH8Yanau8hn6Fs,5uxuDTXu2crKzsEB7vAYG7BLgLCdNjUKZ74UVCJNBC4D
68zetJH7Dc9adzFBZo59ZmJQ2yezYFQv7xUn2GxJZyqT,5uqw2mAXtuN3f8unLKvR6RBNwvcQWDCjav8yVTswRrNq
ErvEmQWHfnvJX6D5VkPQorEWKYf2kKbVBemXLq8WzbKK,5uizin6psjo9sjdRR9SPJXSko95BNpYztRGx4U3m6A2j
A1DZeL4TBtGvKb11ei4eBoAs1aRN9fB6wjgkLY8ER2dg,5uFJhvBcdASk9tngC9mGYqzUe3TJKFzGFEkruAxPekYJ
6dTJGqWv9b2mmRsNypKAVHJisFNg1ayJsgRm7XQR9eBY,5u3vN2HjXh8GfkD7YbLBcZEWF7cTqE15TUPMUmfUkgFh
6yTiQJEhJYPXqYiAPJ5ZEr9qtrcqusfnT46pCcbRH4sk,5tfqM2JzTypzyw1hNDFcKBrtt8SgN514aqCdbiBaq6Am
3Bq4YT5JhJdHspvk3FdaGKAFwabr2TNEp63Rhe8n82hM,5tW9YFFjd5Ud2EQVtrqbce3fm1t5NiXsNKimeThY5623
12gkvyeuBpSt7V9FercoseHjmos4Dtqkj3CyUVkJTdFz,5tBaVhtThcirWCt4z37Hm2ZPG6nBrxNeAn1wKjAQyNZJ
7mkr2BaLsRu3HVp23tM1USVbARKbawC6AWKDPAYAvbmC,5s7gkg4dfAV7zJ7pykeft9fTrgvBcuHTQMbYWYHkoGsJ
1BWutmTvYPwDtmw9abTkS4Ssr8no61spGAvW1X6NDix,5ryqNRqz8iFhpaHB1xrFsBoY3fFoA4rGqwtwivQJL4dF
BLjtsrixbNWyDd3w5z33wyrttZ5MoqweSsnUJU9CBknJ,5rorrqA2Z81GJzdQERxgCVzPxX18HzrjLmgdcsVVMyWj
BrfmyoRRWeDSqKYJFbVquZjCnroqcaaHke4b5Y4fgmbb,5qxr3pT3RFzngUQSacKPQtjhWNNHtGZuWaUmuFSTHsXg
BbgTRsfwp2F2nR9eE3raNUGvXgraySTFCWyvvXz1GiwY,5qA8EzjQZSU278FNRuZzWUn6SyrfSQSxDRd9gqSGXzct
6LgoGQ1WoToJsJpzzUrwKKu3Ah6awF2JCmrxq7W56pgj,5po5s7Tsn5nV7Y2KDweUaUWvA3qjhAuy3zGAiWCiAo8h
85YK84ReFwLbpjBf5Pd16XuSHasvCzc5WQtTdsjdK6r9,5pfHEwxSf37bZzL6cnDxonVBdPLvYQe9AAQiM1PJtPak
7mkr2BaLsRu3HVp23tM1USVbARKbawC6AWKDPAYAvbmC,5peJ6ezBewUcPSjbcssTNPm8LDcUjUsmvbHEvH5N1VUY
G6bfDikmBmntCLcLdFTQhZ2zhqcuWygDpgou2Nq8YqX1,5p991Dfc9ccynzaFZfdEU1tf8UQtyBfBwVg3S1LHVxCx
7mkr2BaLsRu3HVp23tM1USVbARKbawC6AWKDPAYAvbmC,5oECyExrmDwtQga97zgr3HdrYCRzacjxNriDtNcexTur
FRiKTTtBFCraXxAdN9WbE9gHsJHauHzLKf2t53xiyFRR,5nPW8398MAkDshyVrRtY4u7WCkr1pRfE8Nfrip67fVDy
6ViMVtShjk24dZGuSLUX2GVpApmqd12gBTzfCAHaRtqH,5mi6saNLi1oYZs8sTxFGYfbRuXMVNz6eDb2CkVGiJKbT
DenXVLRxRR3yrXFzwMEpnuizCcP6YMpaN9jUdZy2N8hB,5me3FUUhv1kCMzt5tKwJG1LUTB7BpGzL98kW5taLCGXd
9ybxUbDDUWjokhDdNhtvL82KuBF15K2nTyHzQkAaoiWy,5mJbp99ijkfYL1FvrJGB34Pt1efkgAY7LR9gySp2xsDk
CyRzuuStoZQebUE4xQM5EUbvcHvMzGxgFes6xdRh9RiJ,5in8zCB7z2ZFSfEp2a2WroqQsKbbXmas91XERpZ5uwip
2SNNfXWa6iTMLJbE6UodKjPW5rXbiHaG5XG2TpoAh9Wk,5ijXif7CVYvzmCYWRaKqG6Zpshax4V5v4S7bjZL9UvbW
D4LnU4tN7R6pnTHT2wtDUexd6vfTu58Ctv9BSotwQMtC,5i9nioXsKceYmxHZW8icQGgq3LQTNxJkGyaryEigh2PK
CKiAiyoxFaHCiN8jCCUWERDeuFBSrvFoAsT47pg8ifuL,5i9SX4XrEZGP62iebof2q6j2WQoNSBccngBNELdBJ96m
A1DZeL4TBtGvKb11ei4eBoAs1aRN9fB6wjgkLY8ER2dg,5hfNYd4tinj35DzvPBG9u8ESP4r2QHhP6zimr6gYsQdw
Cp9V3qLnjjCH7SNrEAtjqywqeztZKpXckDK13BA3EBU5,5heuAsvq1kzyNDGfmJ7M9crSKeFSrbmUEAKwUQDvqfyx
5Mic1WZXEySfSaeghLahBkqbS52i35vwmG6eAPEc3oph,5hTnrM7Sp78LVCAjPMivMyKzDGWerTpCvy12VAp3LD34
4jNBHhQcvPYZDvdNqg2T9QzQy56ZStdFCn8wuidEpFbJ,5h4MFpV6wVyM1ShBva3c792QbuNd9XVNuKgVQwACh7TD
78ztHyTQviFMDWUYHgkoH4PvTgt2wtiHXrZucysSxiY8,5ghfWj2gDPi2ZJE7954J52SBmq4hzH18ozgHFiNvhHww
CyRzuuStoZQebUE4xQM5EUbvcHvMzGxgFes6xdRh9RiJ,5foBBQNP2JHSpkE35P4g8fHa9we7zh3mHzrFt3vsiH53
ErvEmQWHfnvJX6D5VkPQorEWKYf2kKbVBemXLq8WzbKK,5fZxVAkwQzJwUTQivfLs4cm8HBjaWCibvBJzZ9ubmozf
1BWutmTvYPwDtmw9abTkS4Ssr8no61spGAvW1X6NDix,5f1STy9thunASQFuavtu88mERo6ob5UwKC1n7cyNYFjE
DmsFcT68wqampP78Hm9E29DBLG99FuZJJmZAYw34uvrF,5eb1rP4GJgzoPupPag8snsgtdWcEMFuB3MVxdG3FpyAs
1BWutmTvYPwDtmw9abTkS4Ssr8no61spGAvW1X6NDix,5eYALh5KxbeRxBUSCVKq9fGKAw2fvZcuzAC9iyR8szX8
HxTw2oEoGFKt6hWNGPcvvonG8CwPSipdkHVcFKvx2qtD,5eKs7Bw2htjn8Ry6HXzozeZa3CHSWocrq92X8a8q92uG
BbgTRsfwp2F2nR9eE3raNUGvXgraySTFCWyvvXz1GiwY,5e6S2VSeyaonUasGAHhAScxP3B9sYNZsaniNsDoB1qVK
BQGH6A2bAXzXsHNgKyp6vvGDaguNTShqG3QBmnzB2atj,5dv7oY3vsQjZFDmgmbCNgBiqa38fxmaUzW2Kdm3oq2sy
8Q4fYfyDCD9vHBxYqdFww32SBSVWFy3N7mx5tyyj5KZb,5cBU9T64e4VxZPQsJ7RZLiAWDwJThB6Tpt9V99DTps1s
FTrH7Q3jJ2gkPwvpgR8KDGtmewRbB2RKBeKYaZH7hiNy,5c9kzi7ZRVQoPRdRY4b1ChYGrHEQs155ynpVEuHYWgi6
3NGoyg2VXq5WZxgy7zbYG61qNcBusMsdogxiiyeiRLs6,5bytTWMcG8L2apnQt46tXhgiJ1SHSMhpZuyYP1UdaK6F
B56NDdqVevb6K6aV9QwFkNN7VgNY3ZdjwMMCKSHZzC6L,5bmtxCZvfNqAuVBjMWyPf7uemAhZ7GJ7WDesZ1NhcNdi
5WYxMa9Hs5dXk6HUTH3YrNw8LtcKsYcDV6q8b1VVBhzz,5bfrPsrw1GqtGiWeZkMkevV5KRbfZq7ZWEFv13oFme2K
B56NDdqVevb6K6aV9QwFkNN7VgNY3ZdjwMMCKSHZzC6L,5bW9rJJoZab72pAbkbXY34fhuQQxbGEEKaM5MYJzWf96
7dy8heSXUKaX3nRLkQ69NetzQxZYNQgUQsCsvTeV8MVt,5ak6snrgJsSKQoJz9w1PM4C6PoAhQVEW1ZxxJsbBizQM
7mkr2BaLsRu3HVp23tM1USVbARKbawC6AWKDPAYAvbmC,5aMSUpaoaadZXEmdmJLXpeX3TqFC5nVdp4Quzee7wtAt
6Pb5U7iSSkq7YcTeP9Qdwi9dfNcRpqgSpxA5wWuU2Eau,5Ztrbo8fYCQD19xpKNiGZ2LRnkCnGaMQTgBudtbuYWNL
A9KHxwCgS35QeVPBqtMvXrRfvLbaPXtad57GiRaDJ5zM,5ZkYipsXrZTUQv3hrbs6w3HCLt4WWq4gMabnGyjvEkS6
HMoZN3FEvxuecjGETQMa8EGPsCvibAbPfXP6h3cL4E8b,5YtGDF4zhF1gHMW5iR6PzSkHifTDU83MCD9ygXaXTV1o
7mkr2BaLsRu3HVp23tM1USVbARKbawC6AWKDPAYAvbmC,5Yp6VfVgpgKfqPx8FoSkCqJHax9NgtqQzXzRRLbsVXt6
1BWutmTvYPwDtmw9abTkS4Ssr8no61spGAvW1X6NDix,5YVQAdezG2XB1M6kbTpk2Ly6iGLqPHbLFJF4oK3RmeQA
B56NDdqVevb6K6aV9QwFkNN7VgNY3ZdjwMMCKSHZzC6L,5YUrkZPMR7x6DnJChpJDLNZSVsnBVZsFrhU3Cm6bqppZ
J48S25rj1udxC8rydzCq94GkqHMriLa3HKCxJodujRdx,5XuN5QoSEhwkA5dd4e2iZ9SsQ6prhiVPiN59Px7ubh92
2mWtCrLV7FcZxkYYp5nTPgGzBKT22qyJgH2KrhY8auZn,5XWkbQ6nf4eHXdc3YbWbfwyY6Ye4vddo2oAS3KeyGHbh
FXHGBdPwVAYeUHNvZ3dG428cVPZvD14kt5kZKLttUyTe,5XTsJserrWBHJzrL8rA3VoqWjW6e6X93GY5B17wjGJh8
773aDzyDLsTy4VtkKX3mG6Umdkg34Xk8yfdtTTpzDBf,5Whqb4jzKn4rJTXJz1Yqx2MCp7cQHrsRSMB9pQhwF2M5
7krpA97C6DVaeonJENk8Mgrc2NUDv47RQZU4fntPcrYk,5WXmCGwYxUvK3K6RhAX5Uqs3tYnt28Mrr91TMRhKLn1S
JCPwcJzfk8tmJgmi27P2RbH3NdePBkp11EtZyJb7s7Zx,5WGksj2zGQbjk8JstdEnecHzt1gRmRdSmi8U6xhNWJRw
2rLmhS5oDqAUNbHaAFemTuVYNZcBsXNyj1KxDPPQqGJ7,5VxzXAov9gWrS5V6fMSjwCFg5To5ehneGZ7s1jVZiZnH
FrSmMiKP94sQH39uoz9xpHujYtxXWTywECcQ58mrpniu,5VRArvmbTfAu5djdkF6oNQfNhP26JYSbYw8zLCbjYbYG
G6bfDikmBmntCLcLdFTQhZ2zhqcuWygDpgou2Nq8YqX1,5TypBygd22DE2wZebhjDuhaB6NRwVw6ETW6BUvgTpBM9
7sJ6wyCDQqyWyAS2ZR1r28makjaf4mUYkRgCi5pDmfQY,5TvUFb9v9uZSeS63kSDK4G7G4qAFdzozNDftYXhDv4aq
4zdNGgAtFsW1cQgHqkiWyRsxaAgxrSRRynnuunxzjxue,5TPAVc1VPXn53rYizJ98nvjPj4S6YcAQtoChwGxwiXJr
28zpBTAzbtEvsfQQCm4QbV7oqd3dryfzzriU9sLroahE,5TEASvGjCrktMyusTPGRBDtXCJczqH6sXfjycPa8ZD6V
25wDL8QjQKc6QgLMCdjdaUkDZxoetSVSjqTkBCDN5Xqi,5S2H5qmx8T5PscfB8w8PAwWeTncD5Q3ApNMRLGQYc3oo
DZGyo9uB61bXihsKNv2yEie7XuwHqFwAnoPxqM1ML9yg,5Rc5kmtDjMQEajPo8gQwYgJ72w9t7YFAxtBA5yUyfJwJ
APMZny84AZDWCY33trBMF9noxrLAMRzH8Yanau8hn6Fs,5RGqdSpN2nuq5dwJvNacarb4n1eLW9wDQy3q1knEfkMr
9DRQpunpejKwU5jVvFUm7QGmeNjyaybvh2s6CkyUUT2T,5R7U1SjjEMa8FgnG2naV4GFwDBEQWtknQxysTRMQmAWC
3ukVQkntQ1Ydosb5yMrwA7xuDbbRij2JNSb22zYLWCQT,5R1w3XP6WFtAchCSwyApj5iurFJBkj4JDUaoN5GJvxet
A1DZeL4TBtGvKb11ei4eBoAs1aRN9fB6wjgkLY8ER2dg,5QY4d9AGtsVhH9qY8Qzix9Gs2M9oGRrkfkMQJrskC8Bg
21ufDGsSo3cLvJ5ckMHbff79mGL6faDv5jxkuSMTseKb,5QWbvh8DLUFoscQbw318qmiqEkju4dAuSSLbaLD2vbHe
DZGyo9uB61bXihsKNv2yEie7XuwHqFwAnoPxqM1ML9yg,5QEbx6XFfTjigynKEQXC4RTHXMFyopqTWSVHaQ7pxevE
DCLNy3XtMgzAUBseM3BatZE1Bf5KgA67hWkcGTqUgALd,5Q8FCRAvTQNVyXcDcBn4Nfk5kSUMsZm6Yas5hSJ4Z5Pa
9qGz5Mh1XNUXqY1vEg5S1ZEMzPFvBLRbp1qaXwxSFMby,5PxrTwGxEqiBEGZKeeFMJPFVPP38DqururM2pWRxZCTE
7dLXpRxX3pZw1icH9P7AxBC8gN1efkwSJ9Gt6BVexhL7,5PHQ52mssFiGiRzCQhfVGigBBfMK9y21acGYYX6MKAuM
4bRKJXY9EYJckgyJuML5wTfpxYMoujn67HnmMZdtut7w,5PDm95fLsNZRPLByshvh3L366K3NosQVTFcG8Cw7kj5z
7mkr2BaLsRu3HVp23tM1USVbARKbawC6AWKDPAYAvbmC,5P4qJdcYdM4VedGRzFn242fcSsqkBuC7AV7GWAh8RbtF
3v12Jo86tj2gMfhGdga63NZG1R9gtgCM8KF6bjBmvsyx,5MniXpQ6M61uTm65w63bBDJDXTQf9U8DeG5ueWqg4rzF
EKeBStmHfjFBu3RHaMCtZivjUvBwVmeNSoVthJGoXyEe,5MazCJpGi3csqDwTQckwtN93QthNporhoXAWzTPXKeKV
4DM5YZ5QVXFn1dfVuDEdrUCKQqYKe8HLUaG97y78vmbZ,5MLGpxewZrk8WsRUioS5fQzvUT3QUZ1apD2ScGU8Uu8T
7mkr2BaLsRu3HVp23tM1USVbARKbawC6AWKDPAYAvbmC,5M5rc5yqxvGusqUoxM88Z3mpHdYCbZMK2aWfcroQiiTM
AwW8emh1xvdm4JQGdksquDajDe8rpcajb1m5G1i3XxNs,5Lua2zrHeXtXbmF8sJfDEeSFweao9cZpnpqwg7Nd17nx
9vGPfVZNhdUfy9iRrMg3M9uw5zhPdEBwCS2qrjcPhbEV,5LpRAiMKwosmHWjoUYwptX2YYj4KCNoo4rG9UWZqm1DF
BQebsJnpFP4FvpfEEH2SYwi89NwLCo7dBQYJf3858oh7,5LJ4FdsPekMKWmaKwtCceWUK419LukaiAqM651Jgh3Uq
HGDgNDA2zuYXdPkiU2JCgQ2h8NThYFCTvV1Gp6Q2vyw7,5L9RUVZcDACEsKcgkqGBpfxyBMxo9rBX9TbHvX6gBmJP
1BWutmTvYPwDtmw9abTkS4Ssr8no61spGAvW1X6NDix,5KUnnLrs3zQXBRcD6rNdwkKmxCshJFtcsFzvcT8Tni9z
9xdoAzBMTQ27U8jQtHE6CjZvQFRGNpdv6FhA4GHRPdYn,5KSWH97EeUpt9TJQXwxsv2ztn9RyWuBwQ8ymDaDV1f9M
BbgTRsfwp2F2nR9eE3raNUGvXgraySTFCWyvvXz1GiwY,5KNbHupqQKJ2SSx4UoBfGMQH2bP9LRD9td32WKEDFoEG
46HRYafCqKcAaWzw3H5QyXuEATGxR2v3bgQYyW2mRRdb,5K7C1W7eY9TNj6G1JvYaDDp5oybSTeCpa9oCpqwdUaic
GmFonBFUe4m8YEmd2rNsjxFCV5nNwFwN5s3PT1tR4rev,5JNCgjZY9RpAzyiUkLHXYvxSvfHXo8pNayn5VXVkbZWH
9B2XQw3LsWph3uVhvJ6A2QeoR3L9vXmYropY9JXvzCva,5H7vLPFtAjAtBLsfUfuFv4q2cnP5PkTYrRyTZBrv2soZ
7mkr2BaLsRu3HVp23tM1USVbARKbawC6AWKDPAYAvbmC,5H3XcPvLPDNeu6yCbU4TNLeid19RC71gpkFQmztaeRTc
9F91HmFYbAfMujt2uRAtV5vKRRC7GwJXuP1aBs9J69Yw,5GuCnFMuy6o1mFArtPnEYZ2XCjiMYFm7U8AUZVgBfBec
CyRzuuStoZQebUE4xQM5EUbvcHvMzGxgFes6xdRh9RiJ,5GtdE2gF867hitVhaKEhbZuKy4GZ4kKhYXUCFBMySGoe
9gPHc5ge4WyaeXL28qbZ7hmAWuQz6eFsEZKwm5CnkpSo,5GsAvhe5RWfFGcQL9cmQVkajuf1C9vx5gjMcyQ3uCo7K
DmsFcT68wqampP78Hm9E29DBLG99FuZJJmZAYw34uvrF,5GaFk3Fm4tm5Jv3uMZjRJgoPQsEjAc32WLLmKxwZSUZ3
1BWutmTvYPwDtmw9abTkS4Ssr8no61spGAvW1X6NDix,5G63LJdFwexTpXQNy3zWU2YRwy2nG1Vk4FHCSmKjDp2f
GkxrKy4VPVnpeyp9A3PDAFmnnzeSmag4in46exhJNZAD,5G4RacuVrm2UHQChpNiKV18H9M9gNWSfpXQQ6BzmKqx9
3NGoyg2VXq5WZxgy7zbYG61qNcBusMsdogxiiyeiRLs6,5FjM4oB8H8bnQCPXGRSEzd8eJSpDKB14xycTVkFrii9z
2mWtCrLV7FcZxkYYp5nTPgGzBKT22qyJgH2KrhY8auZn,5FCdpo8oU1YcAwsvcTZopMXpm8LW6P4Ni8HFyK1SaS6H
ECPQGL4oXtuk7HCraTcT3j6wS7yb9jn368un6JyWkrJi,5Ezo1NgYTsBXuYP2T4YpNJiFNw385Hk4X4M9i8A3VyHw
85YK84ReFwLbpjBf5Pd16XuSHasvCzc5WQtTdsjdK6r9,5ETET5WGzjkEmUze8mnPm37UuvogPeEzmFbAEJUGA75H
8UfB2sfsFsb4B7xisKj7wYKWbQrmEd3nF377AaD9yf7h,5EQRcq325UVGNPZaecMgjnssJfXb9pL3ugfpwqewoWiN
F41EVDtEEQLjG5PNiKMb5fWHAsEizXpg21UAZda1UbsT,5ECktnogFxQyn8s2ywYCnWAzsxNm8nyVq1WCx1aRF3Ey
634kT3tiRgDm8szFewBNojXkZQcaKQZdasD6QdoVgxMk,5DLsm8tntY7FBi1sEX81Fq5o5fqKPphkrtUqfJaDEsDy
D1bZDjtBHgH5W7ZqVUNA3e3mrKixxnGZfqeq8MfTQXnr,5D1NQnAZN2g4vBQS9mmvGvzNvhwdF3Ec78pmoGeFRJyS
2ipfmZYRNPSy5qgwct3SHAQQYg5s37cq4abmzsV2D98s,5CkaxFoyJ2HrtcBaF4G892Ft3RNV4g3qUk8AAE3TZC6o
3HpsMQv5vnUHW3Pc8sbU8U3KTGVd98Aa6pJUu7zgQwzU,5CXHJiH5Wq2HNTJVxJXWwbjkiUQ5C2gYk24F4f3i5xCc
ZE4LyYi6TyjoEs4yPvGfCfXYAbmkptN19J7o5wPP8KY,5BtnxCqJv1szxAUmesgxZi6r9dz1FYn3RtZA36nABGEq
ZmYEvwB7xmfSxWcRENpdv62hetmrUh9oWTqZFki363z,5BeLjxz3YUj4LBHP8vZytG59wX58PYJ1yzhj2RpPbbiK
7mkr2BaLsRu3HVp23tM1USVbARKbawC6AWKDPAYAvbmC,5BBdc3AwCo8zfckWz4kjRTPnobtR2kyPe4S3CtRuUPPK
8Q4fYfyDCD9vHBxYqdFww32SBSVWFy3N7mx5tyyj5KZb,5AvazvKkBcbe2euHPu7yUNSAvGBn3o6VnaihgbzzpGe2
BjKPFxjSNfQr514tg4cdkv855adjMZvMN8keVHcxGojU,5AuxKGHmhCbokzLW1obm1P2yHwR8awvH2dt8U4ZybQjb
85YK84ReFwLbpjBf5Pd16XuSHasvCzc5WQtTdsjdK6r9,5AeEcnWkgodYE3VToFimSypseJxmrVypzcFMmSVCW8qg
6gjBLYsoRRqcHMvNynGD3BYHv1t5FXA91TxB9oJDzn5c,59vGz6tnzXBEhLaw7pjzVjJjyLeMKiGSMMJFvpcxSp8d
HMFmgphbNqTbe8eg5wweZ3gj2j6bCMSikBtuq7iopdbn,59f9XeMtWsCMmCqr5W7rFByfRU1rKQFnZGPxBmgsBbYQ
7kjLsQR3GKCRAfivG64QYD4d6aFQySEBdU8r9TaR6GEQ,59V3Di8SkgyQuaHjT39nxvqpXSWYKKSUqwbxjHDmQfin
7mkr2BaLsRu3HVp23tM1USVbARKbawC6AWKDPAYAvbmC,59GQgX2b1jKbm2VgkZqTq2bGWVuTQyUQBpG36Cef8zEy
Dc4DoW3HwonrTiWVFRqXu8uVvGyR27th3esFrZEXjoV3,59FfVPQfNKMrrZctgQ8uH1GGWNAEjoBmaptS5tBxPcJT
A1DZeL4TBtGvKb11ei4eBoAs1aRN9fB6wjgkLY8ER2dg,58nkEDtud21igu3KrdKnS5JX3Srpvu1TfjYqyn9JCM3D
7sJ6wyCDQqyWyAS2ZR1r28makjaf4mUYkRgCi5pDmfQY,57HZeEdsR7xWKsazKECzavHC6Uk9YxRqNEb7mbVUPnzU
CyRzuuStoZQebUE4xQM5EUbvcHvMzGxgFes6xdRh9RiJ,57FNf8zEPNTz68kJqsRPSGVVCU8VrX79Jvo64XQLEGMH
ZE4LyYi6TyjoEs4yPvGfCfXYAbmkptN19J7o5wPP8KY,56xBjL6E3hVzLRgVVfyy6epqKWJNiQzRNi6ojapBgAkP
J4BKzARbSSrPYUn417JsSRnHHwNAKf6YVeQPpokaYMnQ,56fx9mdFqZmyV49YGjitgSwKdWa47M9dm4xCGTvD3r2H
A4H9f41rngpzGE3ZUJTyBxLfB9LtH3q6WtGcwcyK544C,56FymvMTWAJxwgMqef5pxKhaSRA76QegCqFnbK1Msexm
5bX34x84ZF2ZKaCDBTTjxLwjdXghHdaJM3Zx5dkmS5mf,55zB44Vi5KBGR28JinxF46VZt3fHqvcxaovqgmTjRXNc
1BWutmTvYPwDtmw9abTkS4Ssr8no61spGAvW1X6NDix,55wRL4TEmnDjLtoFPaNu8ZnN1mSgbyke3U4vwnRYHG8h
DZGyo9uB61bXihsKNv2yEie7XuwHqFwAnoPxqM1ML9yg,55rKekFK119i3DgScJXhndq6RBc5j4NPhunNAJ3oGaVj
FRiKTTtBFCraXxAdN9WbE9gHsJHauHzLKf2t53xiyFRR,55W9KUFyR73ya5ZvzXjAHYCmi87CciAvNEkaxCr9ctZo
9YxNf6XyrGTkKiC3Kg47KDRJRXcucjftBtbK4sPqZqo9,54qjFqSuSt1LGZFa64wmWecXLeft4uyNWkHHM2ESJsrb
2v3L9TKdU2PSy6t8LVWGKAP6SdkMNa1YN4SD5cd37kDB,53vs6vJixjygTQ1tSvdwLxBM8XGX8HFCVqMt9SaxyNQ3
DA4HR8Z4qi5XZyaQ6sL8DTsrnFbmkJwASedzT2hCc4uT,53n9hagL5TngRK6rtrMPhuVaE9bvTQoHaKjFVxPxJZ7Z
FRiKTTtBFCraXxAdN9WbE9gHsJHauHzLKf2t53xiyFRR,53hgCS5Sqvqg2Lhc8Ub85Dp16WcY2NwwqwAGebJtNxz2
2fg3LygNJ8tsCE23rhFrBE2tsFkPaPF6rZCrnhnjrSNM,53SbLTYTcwBAdBL87ft3mmenB39QSZj2CMA7Ybjci9p7
CyRzuuStoZQebUE4xQM5EUbvcHvMzGxgFes6xdRh9RiJ,534nuHodNWMSSfrQBjJNNqiHPpokW8bVtxsqhCosvDEc
1v6MRkY4Z2dBAsbibySvuaj7kXssvJrvYefLbSsWdzC,52w8W1H5YtrjaZ7AJxshLN5pwty1cgLqdhrbiXAhHYyg
7mkr2BaLsRu3HVp23tM1USVbARKbawC6AWKDPAYAvbmC,52UYoFWWzBR4vR53GVMG1a3awSKn9ixb5BYDWuQGpzHa
G6bfDikmBmntCLcLdFTQhZ2zhqcuWygDpgou2Nq8YqX1,52AcmLepCzcUvE4bmFbn89NprYw4ke2pGTJUZAcdi8AM
G1iLxRSBL7S9HfgbDjG8PgQRhsoP8yv6uiMrxKaKJe9T,51zSwLiD3cohTW2yardtMPb4uy23hgJEk29HLbaDPjrD
N1wfQDB2BbgvoWgjNpZFcE1jAjfuHH657XzyYFg8sxb,51u6k1zZdQ2gg64XG7MQv6ymabjJJ8zFJJ7k5W49TX9K
7mkr2BaLsRu3HVp23tM1USVbARKbawC6AWKDPAYAvbmC,51Fuz7j732Pv1LUgzFQfcJgXvfVJ3yNqGHZ4eh3a7U2R
9DRQpunpejKwU5jVvFUm7QGmeNjyaybvh2s6CkyUUT2T,512bcMX9qF3qEf5UqiMNyvcLpcNeghR3gugEyRb1fneN
6FyUCuUEqG6qvbztck8tP12pGYvP9hKwa7b8Q7HzGYhW,4zrRHupXJkYk93djxWRD5zofinNnWDfzRY1gELvgYG4V
GSsNRck11gs1JyvJVsNjyrPGmuxT5MPomkmAEjHVJsnn,4zgmcrVEW3HuS8nToxR55akVxvFVNKCzRvbL9LGQHYms
BGgNvgCkmqy1sB6vrqZ6pF6me3TFjJP29Tg91rFaiL7R,4yvzfGWSqzmeDuLwkAakExWDNDhJyKRfyNJ6K8Z23DCd
9u9jxvSYzHNfDMS9bme8oVS4vUYJ7jTxRAeh87iSWMrr,4yFKWV7ZeXMjZCgcp2TEYZCaKi7vJjShi7Rt3H1eQYVN
J48S25rj1udxC8rydzCq94GkqHMriLa3HKCxJodujRdx,4y7MNMSHRGQpnnkQgWrSizWHKokE3dojkmKNEsgdNVbS
7pLVofwG8ydYt6nyhgsH46ZxchyUno5RgWBDmAeDBD4b,4xrrdXRUcDLAdctg9dbC1f235a7gszwG1YkRaz2z7bue
GoCX3HAvLMhotnA2PpKk5YgB9f3Cre2rPoEZgSo3tkrf,4xiLgMoRzMjRp49SWXKZxEidEoYVHGpq5QRdd6DZxb6f
7sJ6wyCDQqyWyAS2ZR1r28makjaf4mUYkRgCi5pDmfQY,4xfPdV8F47cXw3uniCLy8GWDSsPSC3fD14HqVhnj7it4
ZE4LyYi6TyjoEs4yPvGfCfXYAbmkptN19J7o5wPP8KY,4xBbLMHj4fudDeAFSRUNQwfuNJDqAmraciD6ciEq8jTe
FgY5QcnWjWresevhUqW2uWyf5KigzeLd4gsebvnVWpyf,4wnj3Sc4gKjgxRhhW2Jq981i1BJCUm4S8LoP39H7dhqV
CRALefGfcmtZuQYrjQwWwA7Z4SyardiG8CgzC5dqFGM9,4wapXX7Lkv3LEQnD1kVCnyeBd9DiX7ZwQtk5bgsPpvwG
3HpsMQv5vnUHW3Pc8sbU8U3KTGVd98Aa6pJUu7zgQwzU,4wYvDp7MV1GJfQ1EYM6rqz9xyk7QZjWeVMZFiNB46toq
5bX34x84ZF2ZKaCDBTTjxLwjdXghHdaJM3Zx5dkmS5mf,4wNo3ww8Y1a75MWVi1MpCKC7AdSbt2mQuFJGa5zJhCok
F41EVDtEEQLjG5PNiKMb5fWHAsEizXpg21UAZda1UbsT,4v6uGCcpz1wsRYXXzoFfG4Rq39TxkuHMq1W43HQHCotv
A1DZeL4TBtGvKb11ei4eBoAs1aRN9fB6wjgkLY8ER2dg,4uNWBfgUyDBaAurdszViZR9P8dcsj3B1Y3mxAiM3SRJN
4zdNGgAtFsW1cQgHqkiWyRsxaAgxrSRRynnuunxzjxue,4u2eitkMDAF4rUm87V7fCYKHQYsNShc3kwAABtJrQfd6
CyRzuuStoZQebUE4xQM5EUbvcHvMzGxgFes6xdRh9RiJ,4txxitQHpBWEvY6qSQ1TEeHtfmFh2ihtMXZ8czJCFgax
6GWGM5Sg1JnTwGttXAvPmn9q3bcTBmQA1ZCYZN7DrwUh,4tnX9BKHqwZgticqLUSvvqu7w85RExjEPbSBC1oo6Ckg
XTtMm6h8A3iKtAZoTG89nCRTZJ9FLJPFfkF719L3f4r,4seUbsBdh54rokYLoGJv4heHCGZ1fBAGir9CnLUYgPwJ
HuFJ34mrFK2LCwgaTL8vBr3m7tZ6QpNFCjr68tw7wetk,4sZLnxfZK9i9kfUJR5ayy4Lnc8Vzyo5XLDf8FvLAfddZ
CCutrzdqQw8RsFEbAWNrLachSy5umQJ6f1f9rqXYfyMX,4sW5rv2LLi12sqT6J4C15J5ti1zaANg4ai9RPRM6qMyU
GmFonBFUe4m8YEmd2rNsjxFCV5nNwFwN5s3PT1tR4rev,4sNaCcHDmq7LgnHFwio1nxyB6pMkgQT2peFESzZSbK1o
7pLVofwG8ydYt6nyhgsH46ZxchyUno5RgWBDmAeDBD4b,4rvc2BhrQRfpqDv4F9B7VK7i2crxvyAxrCnP9XvFnf67
BbgTRsfwp2F2nR9eE3raNUGvXgraySTFCWyvvXz1GiwY,4qzbjXG4X4eSZuw58RRdViX3rJvb8c3uzyeqMiV3byRb
ZE4LyYi6TyjoEs4yPvGfCfXYAbmkptN19J7o5wPP8KY,4qnUJBuw33F9SMfiraMBACJxyqy97FzdsNsuiTZboTqQ
THthoAPa4rKqfZLe7oqzW2G6BiQoAuyw4Ty7GK7a9WG,4qhC737jWimyvCjZx4P88ga3mAhqBTQsBwh9C6T8yknw
vCGmz9PjfTrMh2uK23RkqToZ1Jn2yc44D5KiVNaMt9S,4qdYM5vwjAKm4H5P4fBMpee4ySpzTobhcsfdbzJyAeVp
C4yo35zPv7x1MxRpMYeDzvAYYsaWur22mrZ282b54ySM,4qbKCjwB7FKyifyhc8yL8QnnzSD5CaaRKSwT7JXEJR7C
7mkr2BaLsRu3HVp23tM1USVbARKbawC6AWKDPAYAvbmC,4q3TS31rtKAET1DtorFPzgXfHx49i4acGvHYmQoFmAAu
5Mic1WZXEySfSaeghLahBkqbS52i35vwmG6eAPEc3oph,4pNzQ5SGzLwQfgP4z8MF7nq3tzVX9vViUNudxCfQjfrv
BjKPFxjSNfQr514tg4cdkv855adjMZvMN8keVHcxGojU,4pFmLoa7rYDRwdhrBdfr8t68xkWNxtsjQA2UpTbKzCUr
6tzGsLw4DzxFw7vXsGZjkgYxtRukUyWQ23jTTVWgvKXZ,4p9N7Sr4KXdJ8BaU2qoTRBZQmSyezJA6v19DFJeMFFwJ
DmsFcT68wqampP78Hm9E29DBLG99FuZJJmZAYw34uvrF,4ouVL973TNLXUNuS4rXRoXpnuhjhsrf7ARA5wN57tekf
85YK84ReFwLbpjBf5Pd16XuSHasvCzc5WQtTdsjdK6r9,4omrinJbRCPu2nw5LyfBixjXkzVndR38tKFUwWgmmMdg
1v6MRkY4Z2dBAsbibySvuaj7kXssvJrvYefLbSsWdzC,4ojnKrcQX2HahV8DdUp4vfL359suyjfs7LV8mQYTYmN8
4jC1yBgqdTU5soeL85b9bCNdPfPDNgCcaoPNLk3CnDMm,4nHgPRDYNfa6zKTdDPwRxpzjcMU96ff6hirrWeH1nc8i
ZE4LyYi6TyjoEs4yPvGfCfXYAbmkptN19J7o5wPP8KY,4n23WG739pQbNM5VYrDHxe7cmpUQd621WntV2DZ6u9m1
6Pb5U7iSSkq7YcTeP9Qdwi9dfNcRpqgSpxA5wWuU2Eau,4mftJ6NHmP5PWXjwW72w1XLDf4vs3V1dhmVF1iWdYAWd
A8GsoC34BGSiLjfaUM8sJMme3cqHcX6Ent7uUmm8ZNLv,4kfFX595X9ZfXoh6LQcMjBcoRAWZi4G8nTh3kf16srFr
3ukVQkntQ1Ydosb5yMrwA7xuDbbRij2JNSb22zYLWCQT,4kfAdJMfDDXJjZATi7CaywdGz3VmxyXEiK5QGUhauZ9X
BXkDKKMrfpv269zqP5SaaqkfvfNt91LCH3rLsuYj6HnC,4kThHYB3kr3Jgwf6wPR8sv7a3hCBiXchEiEssbWq6GP7
1BWutmTvYPwDtmw9abTkS4Ssr8no61spGAvW1X6NDix,4kHpTtPYHQuznzWAVwkfgJ2aMjmseVK7HgTX2EvCuJGr
EDuKpEv7j2oUxH1PZiAyajBk2VfQwR2RiFwE9YQ9mSzR,4kH2EY7xyfbC8SHPYruXJk5AeDjmxoDVDCQKJHzCpWRN
A1DZeL4TBtGvKb11ei4eBoAs1aRN9fB6wjgkLY8ER2dg,4k3HxiA8Znj1ExHnDihRUnVsYDjGMuTBeG76Vpcz4DWp
773aDzyDLsTy4VtkKX3mG6Umdkg34Xk8yfdtTTpzDBf,4juAh3FqWKPoFYWjU2tXMdVNUvMeciY7dmzQC9gky5eA
GzMVoF7wgMXsKEu4bDFiXBQibDJz5NjSR38PptngzDr2,4jpvXRrBewtH6JCnrLrEpDbmPva3c8PHmSixeSk3JTt9
4vaeyRG6HMcCnkD41wXNezNfNvhvDdmHxNViZwW2Mdrk,4jneTT9H1bixfapnnFRiiaVLW7NUBSH7KYUC9HSvCaRf
C4yo35zPv7x1MxRpMYeDzvAYYsaWur22mrZ282b54ySM,4jbBhPSb1D9SiyYmWFhBFXUTexBT52N7VC1L9rpjGcy9
85YK84ReFwLbpjBf5Pd16XuSHasvCzc5WQtTdsjdK6r9,4jaqQzGxUvq4X25QLoRQwmqViPtFBPyieNPWhiZeznvg
4ohKBnA6HLNp6VXLHtBNtEH9JUb575AS7rJT1BFaKo12,4jTgcyGxTQzgrWSHPf7njWJM2JngFn4Nmo9Bmi4V7548
wMWvm3i2qNobhL1TqJtyQ46SSmz2n4VrkbdbHkRkPs7,4iX5VTWL66uqVV8thSf1yJChURMyCpmVj4VjNWN12bjc
6dvENud8erYWCEVDjMuRFbszM8eJVyNuopmRYCN7sQCh,4iTrsTAVBtkUhF5oFeTHrzbxQn5e4yGwweX9ibVJxwWB
HuFJ34mrFK2LCwgaTL8vBr3m7tZ6QpNFCjr68tw7wetk,4iTpiBpbHCKocNB7WSeetqdLvz3ZM8k4kddq5JUknS6F
B56NDdqVevb6K6aV9QwFkNN7VgNY3ZdjwMMCKSHZzC6L,4iDpeDiR5DMTbnG5ajK1xhrebUht5fBrESWegniDyV65
CQ4BvgGcb7YnhXagJF5CkGnEJywfQwWY4PDGsef7y8nQ,4hnt8YVoNQTsFZXd22QqaPEufiAJxYhfvWy4diVv1W5E
BgcHttqUndz3koLtVUqZELci8hfFtkbzJoxh8TWZJHVv,4hi3mMPPeQAJz7CXGc6VY7Se5oKnpAy2738FLxZB23Lm
JCPwcJzfk8tmJgmi27P2RbH3NdePBkp11EtZyJb7s7Zx,4hfPe7PFiuhaQT9uGrBHVGbYCDLKZTNHD2fiFghkjrPU
7mkr2BaLsRu3HVp23tM1USVbARKbawC6AWKDPAYAvbmC,4hK44u7wcLwjoNLwqw1EcEFfC74xiduYVAdsRjbf7TsP
85YK84ReFwLbpjBf5Pd16XuSHasvCzc5WQtTdsjdK6r9,4hFFyXub6tkaPGetppRNGDKk3D2KuQ61GMVydWhJFJNK
7mkr2BaLsRu3HVp23tM1USVbARKbawC6AWKDPAYAvbmC,4ggkqWtY5DxonPfZWZGVZPf51ncBfHbUAQgdo8cTDQQX
HGDgNDA2zuYXdPkiU2JCgQ2h8NThYFCTvV1Gp6Q2vyw7,4gKpWcSjNVvcSWwizB1BSoU161TAE6n9JT5DZHd4tfM2
JCPwcJzfk8tmJgmi27P2RbH3NdePBkp11EtZyJb7s7Zx,4gAc5vLzhhLaBqoPFvChdYfd4GVRCK1cNXuZPjgbzUc6
3ukVQkntQ1Ydosb5yMrwA7xuDbbRij2JNSb22zYLWCQT,4g3CzmM8hZbphLHHJepsnBxCz3UVCwVBL9VAAVP2VHUi
BvYjQZb6DgrA7LUU6aCYNvP1jyeM9neSc4wQrZjwJx9Z,4g2nBiSZK5my3nKeyoAKCPv3chtVcmQmruuVDcgnEggB
3ukVQkntQ1Ydosb5yMrwA7xuDbbRij2JNSb22zYLWCQT,4fjai4RQTGEFoEXSQjZDAz9wWsHi33LKdR45s4Y6bXMK
3ukVQkntQ1Ydosb5yMrwA7xuDbbRij2JNSb22zYLWCQT,4fWHpK9hQYYmZEuy7cDvh3n1UFsumXqvZrGRqYsZg6k5
A4H9f41rngpzGE3ZUJTyBxLfB9LtH3q6WtGcwcyK544C,4erS5zUtmLEkd3PzJXtFRE5YSR4daqHErr9Tvoi4usEh
7yEKqyfRMMw7idsttmkqXp2Jtc1ooDgT6aZ6jm3Vmqgn,4eqqUXKk5Y3PwnQx3a6bFpn7j1XHcBNBjoqpkEeqDRZu
6tzGsLw4DzxFw7vXsGZjkgYxtRukUyWQ23jTTVWgvKXZ,4eerHnjWNpnYBab7xrvNBAGVXddWEt8QpzhqoU97kQQa
A9KHxwCgS35QeVPBqtMvXrRfvLbaPXtad57GiRaDJ5zM,4dvN4Z7Hjj5oagt4crEBHkEo6KcXwqaJixGrBAq9Ukch
GzMVoF7wgMXsKEu4bDFiXBQibDJz5NjSR38PptngzDr2,4dt1jDdRKWFgHSWA2AgdFZp8kMpE51374xDxTg93b8CV
9xdoAzBMTQ27U8jQtHE6CjZvQFRGNpdv6FhA4GHRPdYn,4dDFeycg7qii43hiwjgtkm5GRmLgdfFonJiMdeoeUeQe
7mkr2BaLsRu3HVp23tM1USVbARKbawC6AWKDPAYAvbmC,4chispDsFT23L3GbFAJvPKXoEkK2dbUFNmiwkZ8Gns6r
GGCVjpZLRW2uTBA6CbNAstUyqBeaPUj7ix8ytbddiHNJ,4cQePaonqMPs3V8UC4gYQ3a4mf7xJB5UV9SynLyhyNCe
BbgTRsfwp2F2nR9eE3raNUGvXgraySTFCWyvvXz1GiwY,4cPsYvBTr4QDjMKMw71yGnxJeWk34brWzUEwvDagaxNt
1v6MRkY4Z2dBAsbibySvuaj7kXssvJrvYefLbSsWdzC,4c1qPmdiZrV8o2pFMcuw4fu5eRBeVVG6GJKNjJW42GT4
4dqd4Yi38ADfkPoXsDCwxiebQAi2ey5esbfER63E4VL4,4biojQPtgDo97DGXCc4z25ckG4xKkzswUYRy15faAmwg
7mkr2BaLsRu3HVp23tM1USVbARKbawC6AWKDPAYAvbmC,4b3zvvzRANWDDqZZMDY5wJKADxHzfuNrkx3XdVZyJbPh
DZGyo9uB61bXihsKNv2yEie7XuwHqFwAnoPxqM1ML9yg,4awNHreSCNVoWtWszwZtCGRjMsTnBQZcSVXYMj7KgMwu
DEoo1D7gLk4LWtEeWhMCvdpNV8ZvAB7GwPaSAccaxQZx,4aiYYicnJqsTER3ExJFQxAhJLTqc2fF71JnGRe2cHmwV
A1DZeL4TBtGvKb11ei4eBoAs1aRN9fB6wjgkLY8ER2dg,4agiBDdTpXfUXptAu4BcEZQVS94XFE7DVKedEW7VXqtH
FDiLdtmNPWG7JikuvgMqYF7umENSzqJJtoJHpSVGBnPQ,4ZwWiNVbDL4KGJEKMV5yquM3Nqkbz235LGnCjoAasJb4
6X4h256TDmP6RXFnzSDtwAw5DPTMPdiCq1JBYTxjNV5C,4ZtWxtpmbDhvQNU2pZJ8i6z9Mvvfoo4jTZh3B92Xdedk
A9KHxwCgS35QeVPBqtMvXrRfvLbaPXtad57GiRaDJ5zM,4ZnBCEMAVLyPkWTtWxUYJVESLr9AV1LfDPrrhYt54YLx
6rgYLy7Pi2owHga6SXz4nmKAgXiSksEK3AhQ4GB4MRwA,4ZVY3THrVZvSTuWaRhVr2oCvG63RpMRwni7uLJHCUQYe
6s3Xz5qXJ6ZFj7GrTiN6ozYsxkJ2WBZp1Bztu6cHygjU,4ZKhLqekoTbRM83fLRQkHy1GpRVWEfNPtFMmeRj6TeQ7
FRiKTTtBFCraXxAdN9WbE9gHsJHauHzLKf2t53xiyFRR,4Z2GDkHZSHcM531x1D3dGjGHeaghudi3vMUUir4aj5JA
5RRzt5impbDhzGepEZj44JqTu7o6NmXNRKSM4rSQPX1z,4Z1MknGPYQLTAQ3yzkjTUZfzAvcW8wky48tKVEjwyhQN
DenXVLRxRR3yrXFzwMEpnuizCcP6YMpaN9jUdZy2N8hB,4YVj8vigEhcadFjhRxbe6ePKpiJGBWuLdZ7uUQ8oeQZS
BbgTRsfwp2F2nR9eE3raNUGvXgraySTFCWyvvXz1GiwY,4YJ5pHB7TRtSUyhu4wJnzNr94Se4rCBrTu74vEDTqaJB
8knPVKc5MuRBLY28fVyssmVxhwixqRZAgpBVwhA5cLqk,4Y6H6nMqPYKV75fihgMCydYGXx5sNwKgJoGMDhDETYXg
7dy8heSXUKaX3nRLkQ69NetzQxZYNQgUQsCsvTeV8MVt,4Y4qsKQXSRacByRNfMFWEWWgu6Lxv7ynyV8HvqcRpHsh
EviKZozWYJ6jpL5jk5CDT4Ju2haCNVtxhSRrkhVDxnhw,4Y2LnsghVehhsYFrqn3jUm4GsSgaTvmZipqQyuZp9BSA
GCpdCyDoga1UhbKFk1kMBnDhhHWZJiXWT78CSsXkSN9p,4XXniKgw6CzXM2XsvPbT69vkLwxfEKw69Ms6kJjCbirH
85YK84ReFwLbpjBf5Pd16XuSHasvCzc5WQtTdsjdK6r9,4XETpUUeAz3zi1n6GwcuzT6ynuVovKZwaDjfZkgkDwFJ
E9B93MtgnR7dUWMxhFJQdtVN879N3sqoCHUnUEDDCqX2,4X6H2nxR3Xto6qaokzTzUJQWCT8rcbXBmDHpgmRh57ZG
3ukVQkntQ1Ydosb5yMrwA7xuDbbRij2JNSb22zYLWCQT,4WkhUdCWPPcpZBZBncWznX3vU28uUyMQUA7uPy45ZsrB
BdsrCk3DRm66usFF37XnNqJWsCX8WPgwsZ6Nw9gxik7c,4WRuEFCKp47LAX8CVeLuZLCfmLifW9bjYjCDfYThHm9w
1BWutmTvYPwDtmw9abTkS4Ssr8no61spGAvW1X6NDix,4VDaDnWckoUyBRXN3onSq1ZopCRMofnyw4GdFDyywZVZ
CyTTFGkd3fLhu4nNgEpv5z4uJZh49fCNTrhfUDTcJFoH,4VAvLBfeYMi2wnr58jEMhPArZqusR9Eai75JdKLXw8bD
3HpsMQv5vnUHW3Pc8sbU8U3KTGVd98Aa6pJUu7zgQwzU,4U6iefcVgpGqjE9sLu2y1h98jSnLCeT61mt9ymmsvAFD
9YwhuzWGkViMwL1SgF2ErtE2zepTyNFaZvDA6ychjGHZ,4TbjYN1byi6YVi2aZBj41sJVShU4CfMGqFc84QigtFDm
ASF3M9SXSmuobEFg1uk2P6agRdkMWSeoCYkZu17rtnMt,4TT1d2P8iWLZpG2HKhXUNLNTKiM9BEr9hesEXP7qn22k
DCLNy3XtMgzAUBseM3BatZE1Bf5KgA67hWkcGTqUgALd,4TRgyxjeH6TgH2c4wHTKwTqEyPcLbxUAWbc4kbvcShWq
CyRzuuStoZQebUE4xQM5EUbvcHvMzGxgFes6xdRh9RiJ,4TPNf4Q4WmVttMciP6NEzFhbcJ38jNWEJjXHy55JHBUd
GgLcnqTpaFV3uZQUkQiDKAdunV4A1JjWPS8RnqovPnGf,4TJEHcco556jNUns9SD5vd1KcySPGkt2FtTBqa4s9xLD
HMoZN3FEvxuecjGETQMa8EGPsCvibAbPfXP6h3cL4E8b,4TDyBUC9KFj3hAdLs6TH6o1CXWZa2932Rq6VkXWGNzgd
3Bq4YT5JhJdHspvk3FdaGKAFwabr2TNEp63Rhe8n82hM,4T6a5q3eAD9AFSmepvEcaEafSE9hYkF5wGuzn7tt27gX
8tK2wrpPnU5UtCzkh6HmcxjsiNq4gqJMdNrEwgxSc8WA,4T3arSsnv6mwxmWTPgPn4hc2NA4LM6jn9AAeaZk97FEQ
7dy8heSXUKaX3nRLkQ69NetzQxZYNQgUQsCsvTeV8MVt,4T13odM1AjKu2tRLRWbKck3mKYibXUcT3UDzTxt4sh11
CyRzuuStoZQebUE4xQM5EUbvcHvMzGxgFes6xdRh9RiJ,4SybchZfSbeUKFrqeaGbRFVHX4gyQF87g3RkBovXhjqo
42BazpcxyGkW3ZWw9jS38E6bs34TScKajrLJxUPmEH7X,4Sshcm8G3hj1Pv9McFL8HAq8TWYLNqtrW1rh7PVY1ABk
2CHq3h1oWcxnqGSPXnBBnwNdFwhwDeMteQv9GDzMPzXb,4Sn1pY6THV8RSwbXNACVuZPtkzepVzdbeS4QabqXRx5Z
THthoAPa4rKqfZLe7oqzW2G6BiQoAuyw4Ty7GK7a9WG,4SmdUWikEz4ziZit4GPJXtBgiDY36TkEvUgEHkKX45Jn
A1DZeL4TBtGvKb11ei4eBoAs1aRN9fB6wjgkLY8ER2dg,4STYXoaTuZmmXRxPbHJBBRJ45CBnDN4SkzZUSbEgmsto
A9KHxwCgS35QeVPBqtMvXrRfvLbaPXtad57GiRaDJ5zM,4S1aYJHaXJof4CbVioWbPis9h1DLNMbdR9zZpmCg4Gts
THthoAPa4rKqfZLe7oqzW2G6BiQoAuyw4Ty7GK7a9WG,4RZEYJ2Vtwamrc7KNjjJNQHMhiyVpSgQpstUmXTBDnrJ
B56NDdqVevb6K6aV9QwFkNN7VgNY3ZdjwMMCKSHZzC6L,4RJnFktk5jSVBuF5xmnGrqYMiVQ84EiJTQK4YyrjnTJb
3bYuKrCewvomfwEUD48tXXWXZ3q4Z4RRqB2kRNF6DtDQ,4R7cczWm9h6Qg3ECKYkLUbea5JnkkwF2ZNUZ4iDn3KSi
BBxVvZEfyt21GGLY2cHjGrbh8PnP45uq3784SjTtSRC8,4R1kGMdX1jFjBrhL9rg9CBeJYxY3emnj88toutGEa5KC
DenXVLRxRR3yrXFzwMEpnuizCcP6YMpaN9jUdZy2N8hB,4Qzq9goLhdHAchW9kadJ6Pxm2jCerPi9fc1ADvpUcvEK
5RRzt5impbDhzGepEZj44JqTu7o6NmXNRKSM4rSQPX1z,4QspL5SP7CAYZjz47xcB169riE3eCgiXEjSgRJY95yQA
FwFtPwoGEoSfWhSVcH3PjTh4RuRR76TBxWpJynMg95KB,4QniMMMruRobCx8EpZ6NrPefSVtuipmarFNrHjSKuyt8
DmsFcT68wqampP78Hm9E29DBLG99FuZJJmZAYw34uvrF,4Qjf7HEJhio1Sq2JPvVm5hDeJ6TJoYxDragiWTekAAxm
3ufsP16JoRCoTQnkRfKYFD4X3nTaLj8o9BGeWkdnk43w,4QcaMvgstk4rTxj4RfFp2TEgCAtCao89x6tnsX5A3abh
7yEKqyfRMMw7idsttmkqXp2Jtc1ooDgT6aZ6jm3Vmqgn,4PvLZzjdX1CJZCi3MwTajqeLzC2PPmrKMSwmfevCoye8
CtnAsQBirxGVrrFTd5jMFMRsdXmhkZ94mqJoM5P7hvkz,4PoWw2TUg6osgC5mksBzns2ZDhcj3v9yRGSU4zhR3XfS
744TYMqNBjmRpWUBA3tvbZkS7W6dKz5VYigeRTkWAise,4PYADuntfMg6sL79x5imWC2XdgUUDepdVzsKzaaRMhFS
8egJKnneyx649wBZ1oPFBP8uPVjRkPUjgrvrcwVRsTsY,4PLd2Lqa4WmRxfaqcE8WKJKp7A2sY9sgcpieqENP1nu6
2dpobpzy1PLM7hsY16YwX6iM9xpxfh5DGqsY8hYBsfMm,4PKFB3c5TnQFGSYrJMbpX1Za2Sp3eR6Psnnon8eBeW8x
8crEFD6R82oVbYwhBHTDKTZvFJG7qbuMDgmAEsz5ijw3,4Nq1cTrpvQ2BrjgVuaVq993t4bC9UFvhohupP2UW74H3
6dTJGqWv9b2mmRsNypKAVHJisFNg1ayJsgRm7XQR9eBY,4N6ZRNy5DqFhPwZLzvyF6AQwtMundhxT4gyWwLonuwN6
9ybxUbDDUWjokhDdNhtvL82KuBF15K2nTyHzQkAaoiWy,4Mb2b7soQWWF9YJNHeetZXHfVrYsD8qjaRggLV9vG814
6bBuVgxkMecktTYcGn28pmLPQXNB4REssH1geRYosY5L,4Ma84zy46LadH9RWznT9m3QogH3BtfdjyR5gEQoHLiWx
A1DZeL4TBtGvKb11ei4eBoAs1aRN9fB6wjgkLY8ER2dg,4LY6UFgArENm235uv2t7r4X7BXc6heEoVGNR4qAJwCSz
CwR9ahRnvvigRpTSSnFQ5gwC2AvofDV3yB1XA1yZ3Ftr,4LLLBAh8z4a1FZTCSzDNScX9GmiVWB8eHyw8R73pZp2J
2CHq3h1oWcxnqGSPXnBBnwNdFwhwDeMteQv9GDzMPzXb,4L3vPsTrAfXYbfZJXo86E3jiaCFM1NRMpcYEjXKyQR69
6LgoGQ1WoToJsJpzzUrwKKu3Ah6awF2JCmrxq7W56pgj,4KoGmqTFYbq2x7Vg7NHmRqaawRtZymWP28myg4PVVbXH
GmFonBFUe4m8YEmd2rNsjxFCV5nNwFwN5s3PT1tR4rev,4KQyCyYoMsB1DiPfo4dS34tPpceALai6MrarpmuQoZhZ
7mkr2BaLsRu3HVp23tM1USVbARKbawC6AWKDPAYAvbmC,4JzJFSMiBrJJKyHVNtRPjGLpoiuU3mfW3t5Zax3dqF4w
BbgTRsfwp2F2nR9eE3raNUGvXgraySTFCWyvvXz1GiwY,4JuJLZkJXzaNjiF1cmKgyMMh29riRGrgCBa485Hcpohw
EAtBd3Bjzc4cmNZNnQAJyDo7sC4d26PoEC7aTFqJqpyN,4JHUjqCj6cQcshZ2bYdvB431e1VXy7sh1YbAX1LmrC4b
3ufsP16JoRCoTQnkRfKYFD4X3nTaLj8o9BGeWkdnk43w,4JD2hRHQCgz8dZd9WmREstV2dnmYq6vM6q1fjj36DwhG
7sJ6wyCDQqyWyAS2ZR1r28makjaf4mUYkRgCi5pDmfQY,4Hw3jF79Fh1KTmd6sTY8JmLsf1sqhTywhK2uoj5SxKBG
A9KHxwCgS35QeVPBqtMvXrRfvLbaPXtad57GiRaDJ5zM,4HPhq1t85RC1JxNgkr119VYmvsHzqqzy1BmjRRz4Z5jM
6bBuVgxkMecktTYcGn28pmLPQXNB4REssH1geRYosY5L,4H7gB9ub8xFUBhZ89kN5pJQtQmCZeTWuN111pH8xc5Wp
D8cQXTDFcBUHDeeNaWRdWjEtgzdRoYfgKRAbLszGKdgv,4FXUAqXC3wpFGJuSZSRJukrfFgbk5MYG4Wmr3iVEF6Ju
A1DZeL4TBtGvKb11ei4eBoAs1aRN9fB6wjgkLY8ER2dg,4F6tZwT86FJBB9zRpsAJKNNa8KyC8ZwJsmvt24os9c5t
9DRQpunpejKwU5jVvFUm7QGmeNjyaybvh2s6CkyUUT2T,4EybPpzV7VxWsHHCd5rgEf63AzSRh4siVW9jNViT6YoS
ZE4LyYi6TyjoEs4yPvGfCfXYAbmkptN19J7o5wPP8KY,4EufPKLJ1A19kRm771Di7zfzNUcWzTFg5cyVAbDfsFj3
6dTJGqWv9b2mmRsNypKAVHJisFNg1ayJsgRm7XQR9eBY,4EincipVBF3a8AtreHoLS85uuVrS7kGX5eQWjC83uqPt
85YK84ReFwLbpjBf5Pd16XuSHasvCzc5WQtTdsjdK6r9,4EYTmhU6KyTRiuUeryx92ET57i8UTfkJbEYgqjRqzwRs
85YK84ReFwLbpjBf5Pd16XuSHasvCzc5WQtTdsjdK6r9,4DrNGkiKgX98HDsUK42Apag1Mi7PNWkGrrC9WkgBixV6
7s6g9JGg3P5vZMnW1NXqfCWMhz7q1ZYrJVaQL1CNsqmk,4DenSNQdETyKL4FvYBUzQJAoouwt1kBE7XGbS7ybSjkS
APMZny84AZDWCY33trBMF9noxrLAMRzH8Yanau8hn6Fs,4D7biqbaEnJ161iomEPbNsnqL49TiP1SSSxKMU98six1
JAh1Vs5iY2fEAJAbD1jtCU7PR2rZbX96YQczAf7CeVLK,4CrgwFf5MSJC2ZcA5HxBpMfVEt6KMVNcHs6rLRt16Vvr
GEJ3zU94dgUcrac9QQF7qfF1w62toYhXYDKKCES8pXuH,4CaqXwirTigBpB8CXR9dFy4h9GbnxqiRgDMSE1Ay1hSK
9x26YpLD3HY4xjd5jXE7f8afN6PMXxzBboh7dFQ16V2S,4BjP1wwiyX4x11skZeDankV2Ti5QH83TNMZpv2ps3HZD
7Ujbs3Qm7n8Bby7P37GbwPR7kDrL6L83eQMFCsByi6uZ,4BWgjLdRYRFBjBQjUyfkNNVuRR2W9LpTGRF7CYJNbGW7
AwfDrFQYKfSjaCEuu7UbyDDtW5LBHwJLHo9viGLRKRk6,4Aq9QRtsCavoWS38ZxgBVPRi1kHJYMjmgS5wL5xnKEvJ
GzMVoF7wgMXsKEu4bDFiXBQibDJz5NjSR38PptngzDr2,4AceigFJsN8XaYxmbD1UHZcSxne2fh4W1cfH9vSUXT6D
DmsFcT68wqampP78Hm9E29DBLG99FuZJJmZAYw34uvrF,4AXMpLp7avJ39S6oq8X8EKxbvwX7bg7koz6APN6MV6My
GmFonBFUe4m8YEmd2rNsjxFCV5nNwFwN5s3PT1tR4rev,4AKh9eSXZrbXoaxX8kYrCCB6x2JaUJ276ewpuVZnF2t9
CXK5oS64p31YGg9wzLMzgN1i6TinRnDRmTLp5q96PH6N,49pUg3JJybAQUApBk8avnxj6ytyHofZzBFkGDLLFZKrt
85YK84ReFwLbpjBf5Pd16XuSHasvCzc5WQtTdsjdK6r9,49ipWYpy164H6hvY4Spi1qcD1hWQwvuDLYYnnAaC2YCW
1BWutmTvYPwDtmw9abTkS4Ssr8no61spGAvW1X6NDix,49R5fbmBfqckNp43r3cpqZXipdRRdHzmHRYmmwC4W5kj
6dTJGqWv9b2mmRsNypKAVHJisFNg1ayJsgRm7XQR9eBY,49KaByhSX85o6zQToMxCdbiCmH99zEZXbbirdF8s37ig
AGQZHHX1cDnNgQfnCYnbGsGnrMtvxfEYxSF4M8kv7Rd7,49HP2xH7nFGcLYR2yS7rvPjMTXDuXZKT1xMLGn1x8UJB
DZGyo9uB61bXihsKNv2yEie7XuwHqFwAnoPxqM1ML9yg,49CHrm1Vu9z3tvGGAXAxeBni8f7gwsui2kUHHJrMeipc
7kjLsQR3GKCRAfivG64QYD4d6aFQySEBdU8r9TaR6GEQ,49Bzs43qCLoo3tV7nyDH3GErpgbnrPqBDt6uJ3FVsWPA
BLjtsrixbNWyDd3w5z33wyrttZ5MoqweSsnUJU9CBknJ,48gDXekHWezSSTogKcav7cy4Xve8ob1ifDp3P59e5b1y
5cw7nMpBZVsqTfgC2QqeXrjt5AHbcDwBeNWuagUsf61i,48ea1va9PBqYEGRj8hriWLjPHU8ZMZq4keTc4YhAEZXg
A1DZeL4TBtGvKb11ei4eBoAs1aRN9fB6wjgkLY8ER2dg,48TEKPXTsyUga3xvrxUGTvduJetsrh4V4ZvqKekgrMLB
BLjtsrixbNWyDd3w5z33wyrttZ5MoqweSsnUJU9CBknJ,484VFpwL9MZawBxjaqZc5JfRzLmbEH5LKXKbo3pwBxmm
3ufsP16JoRCoTQnkRfKYFD4X3nTaLj8o9BGeWkdnk43w,47eZy8dgN5ud3FsCjzZrMsga7YPj37b7M9BC6qQcrUXJ
CyRzuuStoZQebUE4xQM5EUbvcHvMzGxgFes6xdRh9RiJ,47crdSad87np8upPYPJtVEgHL3ZtHV3dE2653LBzaSAN
B56NDdqVevb6K6aV9QwFkNN7VgNY3ZdjwMMCKSHZzC6L,47NmEP8jaFSeSBFLrp8RUL9oSWsJwqwFZKZWE3bNMBGD
85YK84ReFwLbpjBf5Pd16XuSHasvCzc5WQtTdsjdK6r9,47NMwzXpTQrJRZjNwuzBEuJa58id3tpFQPpgH41CmxgJ
HGDgNDA2zuYXdPkiU2JCgQ2h8NThYFCTvV1Gp6Q2vyw7,478RhyaVE9xdto6nZfPCm3KCfPw3yBYuS88vppNxfbit
BbgTRsfwp2F2nR9eE3raNUGvXgraySTFCWyvvXz1GiwY,46m5RHFdCPUXJBtNMrk211nPeStDt7GHk6ogckfXfeDZ
7BMzc79CGC76Sauf6dq9QWwi7uaUPKqd4XRjtoxR4H3J,46gYB4H8sCWaHxNpB7Ei4MeRHcx7kYi3LDw4aVW9pzFx
HMoZN3FEvxuecjGETQMa8EGPsCvibAbPfXP6h3cL4E8b,46bDRF6SKMNm2eRY4DnLgLVQ1kcCLfcDZWMEh7yui5Mo
85YK84ReFwLbpjBf5Pd16XuSHasvCzc5WQtTdsjdK6r9,46McnzMd3UmUSckHso224J3BUZLHZZPmQYS6A8ouN2C3
ExEKCyhJ54KFngHcc8J4Q1ftxwrv5tbfmBbaVxp2dSkE,468A7CHYsKFv57ozLx9Pj7c9uEmfY7jCUa327mjpBy62
4dqd4Yi38ADfkPoXsDCwxiebQAi2ey5esbfER63E4VL4,467XtRP1XLVrCTsyAQUH1GsGW3hSCyzmp5FCV5y6pWnB
5P3U3L4MCy4q9XE17JasUeaFiCJqt7DWwrhdtppXTg7C,45zTH5vQn5xSwJpygrferSQqarofdPzdf5eYNna2jrNQ
BbgTRsfwp2F2nR9eE3raNUGvXgraySTFCWyvvXz1GiwY,45ug6nRuxtSiBAAykKzVdpropNCQZQbjxAoUKiLk4AH4
BgcHttqUndz3koLtVUqZELci8hfFtkbzJoxh8TWZJHVv,459wTFJo8FGtM8nLL5AAL6bGe3ZCBhrTpRbgVsE5asCG
85YK84ReFwLbpjBf5Pd16XuSHasvCzc5WQtTdsjdK6r9,454wf64Xd1TpJGYS1NiSSAZ1vyQgixjdgsq87UN5HLSi
62XmP57M52CqUaJozq2wVD5XYfbeVhH3JA3yY6ZjSCRj,44U1tWohmL3HH3RmSvVTRBruijyPZDHV412xVov3nbXW
A1DZeL4TBtGvKb11ei4eBoAs1aRN9fB6wjgkLY8ER2dg,43fwvwR5t6MzGJfTV2mbYb7WGNqCYZPq9PerRTmY9mcM
8VeeZSEgyMJRBcqmLixvLELp7ngqMY5CB3qmJg4Se5Ti,43DSmsphN8Q89zsBmxJbtLRKVPAji6tdeBaHrY8cC71Y
A1DZeL4TBtGvKb11ei4eBoAs1aRN9fB6wjgkLY8ER2dg,42v8nP2HBAM78WBfCtc7ovwAVR4AVNWuZKY9bDJLecga
9F91HmFYbAfMujt2uRAtV5vKRRC7GwJXuP1aBs9J69Yw,42ZnQZT9Meit8g4uQUd3JTKkcwgNCxbxevFQaDEhZ4op
7mkr2BaLsRu3HVp23tM1USVbARKbawC6AWKDPAYAvbmC,429amj8LDdHd45qUCN8gDnKiTP5hrFFUDxfYzEuVsstZ
4rwP7iZHr11Pagg2Gb1gZGxa7gzv78DUkd2uWxRZtom4,41qScVw2WzTZ8xoq6WxMCfTrxgSDnocbFbqNEVmsZS9P
5RRzt5impbDhzGepEZj44JqTu7o6NmXNRKSM4rSQPX1z,41JYhGJYgLsRJZH3qnTipSYXKeX9mTtDjga4hnGaTbZx
6tqsm4PCS7TRzJU3tCj1erb7uJ23yxmhgea68BjqvADp,41BxJy82tJF9d4gASqeYSn3zsVr4Ey6bWABdwiwW2pU4
7dy8heSXUKaX3nRLkQ69NetzQxZYNQgUQsCsvTeV8MVt,3zwZ88JdzuctCGTv5auM7nWx15z5K6Zb6NZiTNCtoDHd
7s6g9JGg3P5vZMnW1NXqfCWMhz7q1ZYrJVaQL1CNsqmk,3zZGgRBgrd7f3PjQoR9vUAi19DDpWiWBeoWZF7X6afZu
CKiAiyoxFaHCiN8jCCUWERDeuFBSrvFoAsT47pg8ifuL,3zAJPCLobUWzsaj8FkWdrjCQDsc1GiAqQsS6j4qRJuGF
CKiAiyoxFaHCiN8jCCUWERDeuFBSrvFoAsT47pg8ifuL,3ygb8VN5KPTdzHgqPY6qdRtYd8aWtPqo1ZxhWHDcU1x7
85YK84ReFwLbpjBf5Pd16XuSHasvCzc5WQtTdsjdK6r9,3yMFcjMqgpDs8LTJBKgPpt7Eg9tDdCS93FjukvJyWiqT
BLjtsrixbNWyDd3w5z33wyrttZ5MoqweSsnUJU9CBknJ,3xfria68as4zXuXaXGYvdbqZP5NAC19Q8tk9FRo66uNP
A1DZeL4TBtGvKb11ei4eBoAs1aRN9fB6wjgkLY8ER2dg,3xMQ5kCZCoqMjhAB59fwo5FvH2rgmo7eJQTemXM1t58q
FRiKTTtBFCraXxAdN9WbE9gHsJHauHzLKf2t53xiyFRR,3wncMAWjmZxi2nHs92xQSdmontWt97mh3BexsbwtNzti
BbgTRsfwp2F2nR9eE3raNUGvXgraySTFCWyvvXz1GiwY,3wKHbxfV4fxDv6nkvyx6Ntqr5Fcu7xMMK8VzQZ2hWFYf
BrCkUMSqAmW1SeLQ6nB9yTRuaDHmB9Gte3GRWNSAokvY,3w5CrTqgW71pjEL9Ju9SJHj6JrkGuELKQnRpPWs4dJny
DenXVLRxRR3yrXFzwMEpnuizCcP6YMpaN9jUdZy2N8hB,3vZMhszDttJwq8ZXGmYEjYVYqEULHQNEuNmEvd28sAZB
773aDzyDLsTy4VtkKX3mG6Umdkg34Xk8yfdtTTpzDBf,3v7KHUcnxFHdSqHzdSLskWcqWEMFTLUaSC2mMCe1cWoe
2yYoPivMtqQnnVmiKXfob2wVr9ukQRTayZvKhAgba6Vw,3v5gPc3k1WM95PGqofpnuecsfTM1LeokiNnvVJMfawhM
BSBPUGW5RtxeXk3wD4Vu7szRdJBJBoe5yJNkuZngHaMZ,3uvfw5JUT4oPagcc8zYgbmkuJdTmzgT9nn42XRTenv9V
BbgTRsfwp2F2nR9eE3raNUGvXgraySTFCWyvvXz1GiwY,3uos7irAXoQ7bGCjboQBVYVHgm8HT1cGLKzg3HEZ7Ug4
A1DZeL4TBtGvKb11ei4eBoAs1aRN9fB6wjgkLY8ER2dg,3unnyzyukA7RTzC2Z1iLrFhBZCdtmZyosLGzcrXMmSvR
8Q4fYfyDCD9vHBxYqdFww32SBSVWFy3N7mx5tyyj5KZb,3uimcyG2nu3yzytzoLvcnL5HDvo1TgtNEzC9qS55rAuk
1BWutmTvYPwDtmw9abTkS4Ssr8no61spGAvW1X6NDix,3udFqyWUdRupzKpudnFk1f3YfSokBZC7nYNCBXa2Txe8
85YK84ReFwLbpjBf5Pd16XuSHasvCzc5WQtTdsjdK6r9,3uDmXWusXceptqT97feBLN4Fsz7tEQHFuoUUobMJ3NyR
2rLmhS5oDqAUNbHaAFemTuVYNZcBsXNyj1KxDPPQqGJ7,3tKK2P9V23S6JVZfH3KRo3hMEz2jwP6DhmFRN6CMptB5
Fs3M34Y4F3PV9K9xenfdLDp9bBXgp5ZF6utxdaXainY3,3shdNiUUPMnLNaZEyeo3m2At9obzsxQdXQJHhQXRMrMz
BQGH6A2bAXzXsHNgKyp6vvGDaguNTShqG3QBmnzB2atj,3sTdDo3DRgD4Go67RnA6uCWCahPDmbRh7TnvXwz3P8SN
AaxiSJuWGXmNm5y58sx7wtD6h6cAWyg7HuqVDcaATz1K,3sLRzqzPXQDVawh52GhjG5xX3V6J1u9kXrxmx7Z4VWvA
4bRKJXY9EYJckgyJuML5wTfpxYMoujn67HnmMZdtut7w,3sDMvKssKGgaiQRCw3MKgVYiVKenzooEJbLryxtttNpm
C82C8jRXM93upcqzK4ftDfdyfrtqfmNEiW5N11Zzwyrs,3ropg5ov8mftVXuev8FQKuHJW5bX5nvHGc1wgYkPU7kW
s2KHLcramsi3usYfmX3qqMFTPiCWwqiTBPj58mFEqcV,3rgQxKmHMZUHG4c7HAx7g5DriVDzSQvK8wDAnfUqNzgz
C4yo35zPv7x1MxRpMYeDzvAYYsaWur22mrZ282b54ySM,3rGPLYPvBo5JE26BQ4AT4nHZUVEiuroLdt4h4Th2ahVx
6QRdz42QxSNb3ehcr1medQNAmAdv8eW56aEEjiyBMBRC,3rGB1tAmm5wFnk2znhe4ZawsD8kEsC4u4WNkSrx7oRob
2JWpsfkzdYXvSEHJtwbx9dgJCNZovB2ePgFUe4q2P31y,3qX13AzHjmWgua26cpEcoyvM6P8NNbpj1j4PhNHNkYgH
8jf2oh46XVfatsquSLbkEwNNvL6W9w7Fqu2L6cefRrHP,3q2th9CpD7GWLRCYN7hy9YfcWncgSYnW2Uswt5mCn1FP
3jY9PfKLema2fw4MVg6Sa6FGnJcMwZH8u2WLnHEEkLmp,3pWACfWkbYAWQRaonnMDE8S1hMCQ9FQJgStShF7PCsJW
gCv41sQZpWwVx7K8ec8GqtMqVqJBkmb6p1bXwbNZEUJ,3pVyCvsoje3Fy6aJwM9iDGCmL4kBqH218KhhhSNUvutU
J4BKzARbSSrPYUn417JsSRnHHwNAKf6YVeQPpokaYMnQ,3pSi8RduJDRWMguQ88HjSeQsyiYsRPMwg19PEMjVWdM6
FTrH7Q3jJ2gkPwvpgR8KDGtmewRbB2RKBeKYaZH7hiNy,3pDQkv56jHoQNA2gA4QYR41cQt79ouNv9ZZ3X84u7DzL
9nj7GEg5bCoZ361mTVydsqMhrLmAAJQ9oCdVq113D6Js,3p9Ai239heJguFhSLeMMphioz5ycgB9QQaWni8nwdHPY
8kxXmJJiBFosC8qj6HSu3tjqhD3gWVEdN459FWb1skGK,3p6H3Q6SeCSDNxguiPjRj8jMbRq4359NBngqDd96o7Eq
5RRzt5impbDhzGepEZj44JqTu7o6NmXNRKSM4rSQPX1z,3os7RBoW6GWnq9ExoppBroL7EptbmTAPZubzYFi2EqM5
A1DZeL4TBtGvKb11ei4eBoAs1aRN9fB6wjgkLY8ER2dg,3oiv4EBQoXAaRLcgMTfXPzNPimhBHCXGUZsCHh5TqfkL
XTtMm6h8A3iKtAZoTG89nCRTZJ9FLJPFfkF719L3f4r,3ohpchtWS6pdXzGEmCD25VafcxwP1fSsQxghmVyKh47N
DoXgkzBXa33v45m2kbMToH9FsDyAPNWXuk4xYCMsmAHf,3oN22xbxxv2VWnscaBGCimpkatTx3P7recwLMGURKkf4
8Q4fYfyDCD9vHBxYqdFww32SBSVWFy3N7mx5tyyj5KZb,3nvMNpM8cRx2GRyk3bxNTVmeAZqfX7Bqa1uJCoMj6Tj5
C4yo35zPv7x1MxRpMYeDzvAYYsaWur22mrZ282b54ySM,3nt9qRgAQFcB1xtBwWZKQm44qq7jL4tSMyeXKHgvZpxx
aJA2h3pSvXSx5hiHh6rc58HKFFBP7JxUavnM3JMKrnD,3njYSraAoht4uiEQWocT3skbtxot6rM6eoBCWatSnNvB
1BWutmTvYPwDtmw9abTkS4Ssr8no61spGAvW1X6NDix,3nVmH4emG2vWdXio5M7mgSJnmrcvwDEsTvtef7PKPg7e
EviKZozWYJ6jpL5jk5CDT4Ju2haCNVtxhSRrkhVDxnhw,3nHaw1tamwTN8AmXMmbUUx7BdwC3EAX7G6sx44ykjw63
3ukVQkntQ1Ydosb5yMrwA7xuDbbRij2JNSb22zYLWCQT,3nFkCzxXTsLYUEnjD2UK2LH6EnULKa5d211LdRdP6PV1
7mkr2BaLsRu3HVp23tM1USVbARKbawC6AWKDPAYAvbmC,3mfxX6WGWqcgpN2ik5FsRnux2BY4eYVFwuRm4fwxjq7S
ASF3M9SXSmuobEFg1uk2P6agRdkMWSeoCYkZu17rtnMt,3mcgTqLWnKzUhSwNJeZD7pEP8gfvYtD25Fpxx6yt2iKN
85YK84ReFwLbpjBf5Pd16XuSHasvCzc5WQtTdsjdK6r9,3mV5rtzv5w62baHDWYoABJgcfbfSgSYt5YsmKb7xN4LZ
8kxXmJJiBFosC8qj6HSu3tjqhD3gWVEdN459FWb1skGK,3mMNgBxFJpNFLUfXRAhLe5L1US29wGmgVmbpiP32BTA5
BbgTRsfwp2F2nR9eE3raNUGvXgraySTFCWyvvXz1GiwY,3kc1krPoy9DZtdVTok7qLnMFYgcHPKUBbTNvmeNtHkht
THthoAPa4rKqfZLe7oqzW2G6BiQoAuyw4Ty7GK7a9WG,3kaY7aqTnBMvSz2rwRYaBAmAHYrU4VBAHaDj1bT9R6CL
5RRzt5impbDhzGepEZj44JqTu7o6NmXNRKSM4rSQPX1z,3kULUzyVWs6kBmU2q8cprLZahCCTrAyembt51kpK7Sd5
85YK84ReFwLbpjBf5Pd16XuSHasvCzc5WQtTdsjdK6r9,3kEgcssDmcUqbmwkaD2M37Y9cJbazfh4W17wBt8VwFe9
3HpsMQv5vnUHW3Pc8sbU8U3KTGVd98Aa6pJUu7zgQwzU,3jxHqyHXB1hLg1xLmM2xM9Y6SJcj4fyJcCczM4C9Rka7
98x4kCEBreSSi1bLccGpsyz6oYWSnsrXjgEu1nxHgVG6,3jq7PeDkwKEh7V6MREr77jgypBded8R9PXAgopAE9Ad6
CyRzuuStoZQebUE4xQM5EUbvcHvMzGxgFes6xdRh9RiJ,3jhUchtNrRESn1AzNGqSLezvZVUonWUB4wdN9sSHwUZt
HxTw2oEoGFKt6hWNGPcvvonG8CwPSipdkHVcFKvx2qtD,3jMpzQTpxWMTnPxAiEsUeLdjBvroht3dr6pigZ2wxLz8
NhXMXiZ11QWUP4QKCqxE7FKLQi8TAgqzsUMEsBN4e5M,3iko9PTLAjTy4SmcYZ9STpCJjrZgnjrVeLKAuoiHXiv1
GmFonBFUe4m8YEmd2rNsjxFCV5nNwFwN5s3PT1tR4rev,3i15BK2KSCxwEdQthF9xQD8cC7RDYdPfax9EqWVzEphZ
Cp9V3qLnjjCH7SNrEAtjqywqeztZKpXckDK13BA3EBU5,3hQw8ax8Zj7zX8yAeadwoXHcWLCW3SZ7F2QLgmcwsvLw
F41EVDtEEQLjG5PNiKMb5fWHAsEizXpg21UAZda1UbsT,3h6dD9FPXb8b5fgxNVFrLG1Cp1NJBrinN1MaTY9AkXoN
AUs5USgmDY4hNZhvjQL4sn4S15RrKo1hU1uyXANPvjaS,3gw8qnwosQJMkY92oC5qcpAdbKRGd9gZDo1qPzzzAR7i
DA4HR8Z4qi5XZyaQ6sL8DTsrnFbmkJwASedzT2hCc4uT,3gsz1yGi2i83qtydujMmAbT7hriore9hVWj97dBU7trQ
FgY5QcnWjWresevhUqW2uWyf5KigzeLd4gsebvnVWpyf,3gimTQ1n7YsUQ8hcxFYyhM1BRYjZmY281WVz2AwBCEHR
J38xEHfdguCqKkPtRkHoFzVwRZTQEcdSDhw3Cf6diXce,3gZt2h2goAVemNbJyQARfWNKsmiBgx66enmJ9nXh3j5M
GmFonBFUe4m8YEmd2rNsjxFCV5nNwFwN5s3PT1tR4rev,3g9xKY54oCgrgsfTy3KgQP5L38Ury98tCkkaHvTBdeUp
THthoAPa4rKqfZLe7oqzW2G6BiQoAuyw4Ty7GK7a9WG,3g8QC1ThQrwhY6t14Jk1MyX9CWcif6xdYGubVWsx19f5
wMWvm3i2qNobhL1TqJtyQ46SSmz2n4VrkbdbHkRkPs7,3fTKN6QQCSfKZGqJjZc3GNjafZ3QCbTcG22ivf1D8FFr
85YK84ReFwLbpjBf5Pd16XuSHasvCzc5WQtTdsjdK6r9,3eyYWAKirRR3xwfKWjk74w4hZ46kdbV819LGUhWNy9o8
85YK84ReFwLbpjBf5Pd16XuSHasvCzc5WQtTdsjdK6r9,3erP33FA5jFmrTR7PZqnRR2jiwkzYE4JfHPu5A6weXVD
4bRKJXY9EYJckgyJuML5wTfpxYMoujn67HnmMZdtut7w,3emJYFG4HxQvs6ADdE38cAMZjrH9BGVJnW563VfKkU4L
9x26YpLD3HY4xjd5jXE7f8afN6PMXxzBboh7dFQ16V2S,3eDiqWkEH7HPiWd2QUDjmb7WmXFbnEbh5C3GazZkTrjX
85YK84ReFwLbpjBf5Pd16XuSHasvCzc5WQtTdsjdK6r9,3e9S51iYWFyAjKpkcRqKVvXbm5pdZnfjYMhexe7zEEVW
3H4gLCNW2F6KRCZu9j4xhqjtuoU1jVpshYb3ZDqWJJ46,3e2sXnTL31R4aFSxzcHwH3URxGCt6SPjy1JPB8Tpk3E7
7mkr2BaLsRu3HVp23tM1USVbARKbawC6AWKDPAYAvbmC,3dgpnS4XjbbCiVhW77YfQ2Dc1Qrr4aZkeP2tuogPi2Gd
AwW8emh1xvdm4JQGdksquDajDe8rpcajb1m5G1i3XxNs,3dTDaTky7KCifhy2S5LHqEa6DytS4Spymz8yNPXikC9j
ErvEmQWHfnvJX6D5VkPQorEWKYf2kKbVBemXLq8WzbKK,3dP1j543rwwz7ue7tU8117DPA1pfTcAqU234M1MTXuGB
CKiAiyoxFaHCiN8jCCUWERDeuFBSrvFoAsT47pg8ifuL,3ca9uN9KLy3stnEMLtTCGUabpdyuRJRKaXJEpZN6ymbk
gCv41sQZpWwVx7K8ec8GqtMqVqJBkmb6p1bXwbNZEUJ,3cWa3nSJMfXQCtRJKDRrHHUbYEbMmVUzJ3MMi2oJc6rm
9JBGYAikENzKieq1wvTc9y1HFtjhBqUnxDTeopZs2RTX,3bvfBATqMPXKzY8weGP6AUzdeKLpHjojGR63aMJRZRHu
F41EVDtEEQLjG5PNiKMb5fWHAsEizXpg21UAZda1UbsT,3bqcFJoBEE4TgrAJcPCPnBA12fMMXV1VScyM8dtPBm7i
A1DZeL4TBtGvKb11ei4eBoAs1aRN9fB6wjgkLY8ER2dg,3bkKc7bwpMBqbAyAJ56FoDjSHJqtpBpR6uzTrLcXeXRu
85YK84ReFwLbpjBf5Pd16XuSHasvCzc5WQtTdsjdK6r9,3bLdYFth3762aVfaBeMWodSjs654cffUJm69zw543L6q
FRiKTTtBFCraXxAdN9WbE9gHsJHauHzLKf2t53xiyFRR,3b7YXZ2u8qnK8jdoYCYT3bFRiA9XpNVD6GwJqLcMmzBC
tm5jQyR5k6WvHp7w7nMY8LaS4rZZtMtJw1xWcUhNTQr,3amDzjCdfX7up4cRiuPogZUrcdDE5hqQeEUxEEt41oWM
7mkr2BaLsRu3HVp23tM1USVbARKbawC6AWKDPAYAvbmC,3aex91agjzVzF45w2pBFUQ78xzGztv7NZuG7bcCn2JmS
GEJ3zU94dgUcrac9QQF7qfF1w62toYhXYDKKCES8pXuH,3aSBE2HuhdjW2yZRw7fKuYPiAFfmf1FE9YrSYKnpN4a4
A2Ge24AwCHSdSHqHQf8jZ4XmqvDruJiLDJ6c2fuSDq1g,3aKQjyFLoF9kuZVJWAiz9XMm76VuQWNDDDP8BS473ZHD
E1Tx5cJQvazKcwXdfCoaaqpyBncfSGXvfCsX6ppPnGzN,3Zswu3Ne5zvCN9Uf93ptwFS8M7wVtsu6GXxcpG7boYzy
9DRQpunpejKwU5jVvFUm7QGmeNjyaybvh2s6CkyUUT2T,3ZZ4nqN3641vTTvwtpqjVF5Gj8ot8UWN8h9qhUTkZzMV
7sJ6wyCDQqyWyAS2ZR1r28makjaf4mUYkRgCi5pDmfQY,3ZVf7rPB6pKDMot82mFAM2tvhJ7F8Rh6zrUFoncbptVv
7mkr2BaLsRu3HVp23tM1USVbARKbawC6AWKDPAYAvbmC,3ZRibPL4At8trs8B6NeQSFJcCJyiBNy7n5MWNY9vhtaW
GCpdCyDoga1UhbKFk1kMBnDhhHWZJiXWT78CSsXkSN9p,3ZK1x1mC8ijWoxnhERAQTZLZBqjon2iLvcK7gNYK8XUK
1BWutmTvYPwDtmw9abTkS4Ssr8no61spGAvW1X6NDix,3ZGQzP2M6VcUy6rw4s89CDfVoeaz3R2yEuhuZdo2pXtd
2SNNfXWa6iTMLJbE6UodKjPW5rXbiHaG5XG2TpoAh9Wk,3YdGMmvxKVySMgUgb8Qu1D5skd2Gosna5mW7hLRYKHcn
FkHuNZWsX7Z8mupMShSkdTUAfdhkQJXHsZ9stmSJEAiQ,3YaaoLKTjLqaR3XU4pAANysjTq2wMLun8tPqumeypnch
Hd6QeUeWBDCafLuNzW1BSEWrdUrYHyMhLCPnZen55GH,3YUY14WJdvwYVvitiNr28M6Utjb2xm8B2Eyoc3R8hBkr
8qFtBr2L596BZbtHwoNGWjKPP71VVb4PRAGj4mJknXbu,3XnAjDF3D9FsrCQziEWutgLYUXsa3v6Bzz8nvmqW7rVb
CyRzuuStoZQebUE4xQM5EUbvcHvMzGxgFes6xdRh9RiJ,3XjfP2WhrRTNYifwNMwNnwTrYbYvg8QnajqnGQ5nuayL
G6bfDikmBmntCLcLdFTQhZ2zhqcuWygDpgou2Nq8YqX1,3XUP8gUQqE3NKmbz8PrTcFmeEszZbwVFpTko1e7aDcBF
HcSsPqbZevRR6sXfPC4ebbRoYD1391rL3iCK1cjD52QP,3XCqQ5CZHhttH4aHq81jczPu74YZ3fYzr9pHbZAuBCGS
7mkr2BaLsRu3HVp23tM1USVbARKbawC6AWKDPAYAvbmC,3Wo2SQ2Z1Z46g48GnWntm6qU1KV5YiYnnPPrHkqBQEkc
BS4us5qgxZfDH4qcS4FyzBZHM5UtBXQDCqQ4yWL7PGoz,3Wa7Je5MkXp8DQsEfYQkqNtPaa8eX4pRG7PfPnA9qtif
B56NDdqVevb6K6aV9QwFkNN7VgNY3ZdjwMMCKSHZzC6L,3WPSFEh65ctaeH6PaQvJ1K4hnqyuWRX3SkzhevtvCeYj
8egJKnneyx649wBZ1oPFBP8uPVjRkPUjgrvrcwVRsTsY,3VopNNDJQ5Sfi9emiZsTeA5c4iQ5TvryNzbekuFKgSoK
AcTtaDnJYTG5iPNc5Jd9TJ8iHHpXMrRiK9Q3EqocfRgz,3VbEUskanVj6YDEYUxU7cWjSjRsgQFPt71QF7U3tqbMT
G6bfDikmBmntCLcLdFTQhZ2zhqcuWygDpgou2Nq8YqX1,3VXZb8XWpGXpJevcfTbxjwUvFUFTgYmvspr71qoFV1U8
3ukVQkntQ1Ydosb5yMrwA7xuDbbRij2JNSb22zYLWCQT,3VURN1JgJxfkZtjrMTW5MjPnL4r1Eqy9TqWgX87vXDQZ
9vGPfVZNhdUfy9iRrMg3M9uw5zhPdEBwCS2qrjcPhbEV,3VDH7ukx8bCFSLFTG3UqNZtoU3yKoRFwW7w3V1EyKqmj
BbgTRsfwp2F2nR9eE3raNUGvXgraySTFCWyvvXz1GiwY,3V2iavVC8D1rxikC4T79pFmgGYGp8xDsNM8B9aQXz9CW
s2KHLcramsi3usYfmX3qqMFTPiCWwqiTBPj58mFEqcV,3UnGgkXbU3fxzqVf7xyGymxRbX9K7n4CWecM5gbmJfiS
BXkDKKMrfpv269zqP5SaaqkfvfNt91LCH3rLsuYj6HnC,3UhoL9u1TdW6zxbYy1vrDSxJWw5hb5u3zi4GG5o1yCa3
7dy8heSXUKaX3nRLkQ69NetzQxZYNQgUQsCsvTeV8MVt,3UVtrTzVKuT8rH6YBAy7DBWDJRZkvBSzg4cyqHVSWpV7
3ukVQkntQ1Ydosb5yMrwA7xuDbbRij2JNSb22zYLWCQT,3TmqWwcdXqGVMtMEzhkuru3XeGnzToa2dVjd6yeatbm3
FRiKTTtBFCraXxAdN9WbE9gHsJHauHzLKf2t53xiyFRR,3T8FSQrqbtw6V4eVjncJEvTK5wmAheroGB6A3Pk5tPCr
BavzvGgTEuM6mbZtnyLo6hgFvwaEAQZ7vBtrCwYJDZHh,3ShrzpGVyEc3t9ZBMdGxNrYMys4s2Qebf53NK4BVEWCd
AwW8emh1xvdm4JQGdksquDajDe8rpcajb1m5G1i3XxNs,3SDvSmGQ2UVC74XW9YFDaMFhbtgqYdi8zaXRQ2ts3fr5
2SNNfXWa6iTMLJbE6UodKjPW5rXbiHaG5XG2TpoAh9Wk,3S7JS62hh85pxMHPZFSJ1xXfnXzVKDu3GmqjLdCTDtxn
B56NDdqVevb6K6aV9QwFkNN7VgNY3ZdjwMMCKSHZzC6L,3S6gLNyGP8SRQceKSrs9Cz5VCc2dsjEEMwb1QYL1iqPK
CyRzuuStoZQebUE4xQM5EUbvcHvMzGxgFes6xdRh9RiJ,3S6b3HWTHZUABeHbhWFvtV2H8TdyijTPjjtSfWWNw1F7
CvaHbjkN5CtMVbN9F9yugzEzhfoRqTsPqxTrBLZs7J2m,3Rx27wkit8wJct1FYpqLeNpYViNTAV6eaxBEarhWVAzg
vCGmz9PjfTrMh2uK23RkqToZ1Jn2yc44D5KiVNaMt9S,3RPXQrvV74Jeu7fCYAf9ZgDC1J4Ny74MUeZChdToo92v
1v6MRkY4Z2dBAsbibySvuaj7kXssvJrvYefLbSsWdzC,3R2jjaKzX1b4gnU9oj9wGyDXsEGf77DaUoVTV7fdhRJM
B56NDdqVevb6K6aV9QwFkNN7VgNY3ZdjwMMCKSHZzC6L,3QV4odQjerA1e74AAbqCntgSF6CCpNe2v4f2G2CnrtfM
3ukVQkntQ1Ydosb5yMrwA7xuDbbRij2JNSb22zYLWCQT,3QJEcxaz9TWwMHXFkZ525L6XdY8cfsY3ctcWR1xUBPsB
ErvEmQWHfnvJX6D5VkPQorEWKYf2kKbVBemXLq8WzbKK,3PxcA4vU83vSs1ravT2V4cSJSBKyib1ygnunUASRKKzH
HMoZN3FEvxuecjGETQMa8EGPsCvibAbPfXP6h3cL4E8b,3Pk6bBQ75SmzuKJUNJPyp2ySvvP86G27F23sBjEm6c8j
7mkr2BaLsRu3HVp23tM1USVbARKbawC6AWKDPAYAvbmC,3Pi9hQjv5VxpDpzPENvALPPfx1JN7RwHttxhTTj6VMPq
7mkr2BaLsRu3HVp23tM1USVbARKbawC6AWKDPAYAvbmC,3PU7QiSLGdmLxWt6xq84YPgQuzpBEnGevV9gDx4YDLzC
AYaLBiMwJCV5Jq9gM7HHVjP4QHvA4zuMfpSdrJRduAZm,3P3eWnRWP5jGqUbiNBHKury6qujUBZGqqcBLMtUs1sRG
BbgTRsfwp2F2nR9eE3raNUGvXgraySTFCWyvvXz1GiwY,3NfSwXVodeD2GeodyACHsHVRDMwn2Qk2HDtEWc1FEnaX
8egJKnneyx649wBZ1oPFBP8uPVjRkPUjgrvrcwVRsTsY,3NPZweEhbHdgF8JU5VX6br4XvwMfXKXdvm926gQnirhJ
85YK84ReFwLbpjBf5Pd16XuSHasvCzc5WQtTdsjdK6r9,3NAAsmP7Gj7QirybVxpXxA9v1Vz2aEEGfUBSW2VEgVZp
85YK84ReFwLbpjBf5Pd16XuSHasvCzc5WQtTdsjdK6r9,3MxQZtAhtzbEz3moaNfX65sjYMKF6zoAQxkdXLt5Bsm1
H4Q7q4SKsLnUPmGWRS6kzQjaajfgNDQMAWEuaK5TYhBR,3MttpoX8G6cvzAwaeFyCKrivngsUeznV6YXYhjxKDJ3B
2diPafKmPqTyv2s2qF9Qr6SqcaNrLeHw1XW7ovp8XPBv,3MpcENb3V9TGgWoFfdcXGh6UW86SkZn9zCmbf5qGpKUJ
Fw8GxZSJ64DkFUi4qtmoMjaaHUCS6UgamKmDFyi2jNhX,3MoXQWSdLHd5omMPF9yCFHLwdiHFqprUH8sAcY5kxKKn
G6bfDikmBmntCLcLdFTQhZ2zhqcuWygDpgou2Nq8YqX1,3MoHaKYwAtkq5d8TptcUESQa7cXRVmz21iZaLmaiL7iN
Fpc7hQcpDS1ZCGhkFhStiyot2spVgWQ8ymCsj1jEij2m,3MgejHaZ7V8eu9UBWr9bfb62YPVZER5Tg1435UokZGjb
Hsx8y4UoaNZ4kWYVdSAGHyeaer8wB3uTGiNXLCbfQMB7,3MHBu3JVshNPGaUgtCH3u3eywQKu3YezwgAtKmC2fY4j
85YK84ReFwLbpjBf5Pd16XuSHasvCzc5WQtTdsjdK6r9,3M9BNiMjCNaAoKN73TJdKprcSN8o3ymEzxNhGBoz479G
ABvohqfbZmyyXWPjsTW4LmidA83hZCBu8PQULYarSDne,3LsN297n293zSdoHb8SxCoZTY1q8zfAXuANMaDDak3YQ
1BWutmTvYPwDtmw9abTkS4Ssr8no61spGAvW1X6NDix,3LbxdKJ3XZas8eNipMJPASH31MDsvaD9t3Vas6eywam7
98x4kCEBreSSi1bLccGpsyz6oYWSnsrXjgEu1nxHgVG6,3LAPixJLMdE1TWQU2SPngTVp4akVRfnV34t1BGDZJgSy
FTrH7Q3jJ2gkPwvpgR8KDGtmewRbB2RKBeKYaZH7hiNy,3KzH94eANfoNx1jg4HbqwcpqDRVTU8y87cERBfTyYdDY
85YK84ReFwLbpjBf5Pd16XuSHasvCzc5WQtTdsjdK6r9,3KuSJ6HJ6v456opXM2zJ3raMsa6P56dHAyL3kiH6mqQn
AFW3749YWPQBVYbUiohgWPvYFR5uz7tFSca8RkxRSgLK,3Kry8Jf55xYxMMPDGrgB7xsJCHPLBZmm3CUChpov7wGc
7mkr2BaLsRu3HVp23tM1USVbARKbawC6AWKDPAYAvbmC,3KevayNgVyXiPnVCPVpCLadD336FtSFkHnnoyq2Cxz2v
6An2XpoXvka6FsSg896T83NCa6siab8zdWbTzY2M1cF6,3KWgJUnp1gVNpQG7ng9CDsCyXNmWh2Je68ARBWQXTQJM
J4BKzARbSSrPYUn417JsSRnHHwNAKf6YVeQPpokaYMnQ,3KEYQAQUYqEfjBmhV6RVvEGbQtUBYHp37RASfQhdmKDx
6XVw1mYLvz54Td2rHuPomz8R9h14ttBpHoBaYMxog1ys,3Jbxc6CWXBQaHeXVuwfzPmihKschYjYRezxhj6kKorSx
6qjgr83UvGaVym4fA2Ms2BmzbzxiQN8MwGZsFjxZRwpo,3J5wysSTKY63D3Qk3BnZBXMimGC3PYKvwF8xDBdi7yJE
3ufsP16JoRCoTQnkRfKYFD4X3nTaLj8o9BGeWkdnk43w,3HeSQSs7cndNedyDLioY9uVKEkeJA7xDtGP324xF1KiW
ASF3M9SXSmuobEFg1uk2P6agRdkMWSeoCYkZu17rtnMt,3HbBqKsEfJXq1fy1K4ia3duQT8mghZ4dvXAD2WFNFD7f
Fnh36NncPqrSnaYYY5mhsuZkBa21Ad35V495fpWqftvM,3HRfk18yrTX1jCuMdXFpfY6rgCUHrykYeyphjHm6Gc3d
85YK84ReFwLbpjBf5Pd16XuSHasvCzc5WQtTdsjdK6r9,3HNRCZhuUmoa5bADmpzK4oBWpXkHicf6nCccyMYcRZcq
THthoAPa4rKqfZLe7oqzW2G6BiQoAuyw4Ty7GK7a9WG,3Gvfm978SP61z4CdauUyEGoVBzooRLiD8sSXsupaDgUc
7dy8heSXUKaX3nRLkQ69NetzQxZYNQgUQsCsvTeV8MVt,3G9rvX5C6agUmFhxgxL2qBUGTzVnc6aeWUkDdyvLmbdL
FRiKTTtBFCraXxAdN9WbE9gHsJHauHzLKf2t53xiyFRR,3FjYLSRbdmWxiyHfH6hebMz5r6wAmC7qXRtLenz75eZf
7yEKqyfRMMw7idsttmkqXp2Jtc1ooDgT6aZ6jm3Vmqgn,3FXs6xbJZeGuSEjbsTnUUDKFtxAT18F6AVJ13xQ9p4QP
6oQZnDeP1dzqD2ZhwqYibzeP2FAnZdxpvJ1R5msACu5Q,3FPs4LPBddPhcXHCJDDmazWxac5H9o4G97xgFiEzAzCA
ZE4LyYi6TyjoEs4yPvGfCfXYAbmkptN19J7o5wPP8KY,3FMzxoqZHLZKnQYEqQ3TADzCNE7GrugQx9fA6ak2C3vd
6tzGsLw4DzxFw7vXsGZjkgYxtRukUyWQ23jTTVWgvKXZ,3FF4GfMNqRVUp5cmP3KnMeJhbci3izB8cdN1YsmHWh6G
4dWCF9NcAfmfVk2yY9xhXHrgKxiMWRdwHec6BzPby4C7,3F89Xo79Y1QuLPtQiLgf2a1JokxxUHdEmFFuS587jybu
s2KHLcramsi3usYfmX3qqMFTPiCWwqiTBPj58mFEqcV,3F6zcCUH2vU3iAWm8R4ozV2PEuVTuYF4nQwbXatg8z2Y
1BWutmTvYPwDtmw9abTkS4Ssr8no61spGAvW1X6NDix,3Eok1PAzDJgQQdhaCAoLXimbGTKRL4AcCi47eRAN3koq
9B2XQw3LsWph3uVhvJ6A2QeoR3L9vXmYropY9JXvzCva,3Dr5uDPjNHWBbZt41uaV6F199hyzz2TVPsNf1GAzboUW
FwFtPwoGEoSfWhSVcH3PjTh4RuRR76TBxWpJynMg95KB,3DWwBH9e4DkH8w6ogtNCsTZdA1BPMF9NYBVpBfkwGStE
B56NDdqVevb6K6aV9QwFkNN7VgNY3ZdjwMMCKSHZzC6L,3DWUko2TpXutNo8BgpFynrdavh2meqodP5qZXPrNgDco
CvWhpyZa4ppBodf8PB9PwwypX6q5a3nxLsdMMhCmy9u4,3DPSEPhW5wurnQYtEnbTbiitUdEF1kofePuAP6o2XqaM
vCGmz9PjfTrMh2uK23RkqToZ1Jn2yc44D5KiVNaMt9S,3CeSAXYeNk9ghgZ98gd7oHyW3H6pM38axV18qKXGvRQ4
57Ccm7yoa5YKVXehJHAQ8WwK6CXc8RL87gG53xYdrJex,3BiEqwrbxtY66pDUAt5hQ9JDFxyeFibm4xra8nSCg583
EKeBStmHfjFBu3RHaMCtZivjUvBwVmeNSoVthJGoXyEe,3Am6V4cEWW4GbDUbPh8DwnRpyioRhjoo1vMm1HsEkViF
7dy8heSXUKaX3nRLkQ69NetzQxZYNQgUQsCsvTeV8MVt,3AjiMLWtuTy6v3ZoenKB3XN1bjnFXJ85bumJVYebLkXD
AwW8emh1xvdm4JQGdksquDajDe8rpcajb1m5G1i3XxNs,3AemrzVbuM5TFABy4raNT21Cy12mMqtphMCVii2kpFYq
ExEKCyhJ54KFngHcc8J4Q1ftxwrv5tbfmBbaVxp2dSkE,3AbeTnQY7jgN6aqHYsohLU5FFZPSzc6SvsNgVRdibJDA
CyRzuuStoZQebUE4xQM5EUbvcHvMzGxgFes6xdRh9RiJ,3A4PUqgoaHGcp6fQDbTSUju3pjVR24SQiJiMLeRfRdcj
6tqsm4PCS7TRzJU3tCj1erb7uJ23yxmhgea68BjqvADp,3A1bCyVdQjLqomfZPgnWVtDFF7a8xqyqb4NcYRRkqQTs
ADCVvVamh4VmNQ7LRkYripx45Exp8ymvbGKKC8R18pio,39tKxQ4hvkiDNYmaH36pT4SDbof1qMuAwGypt9Zcwjn6
7dLXpRxX3pZw1icH9P7AxBC8gN1efkwSJ9Gt6BVexhL7,39rgQXfhdJThgwh3QX3aK9ZxjPVbHTr61XcF2Awps1R5
DGjQ7o6kYJ6nTAyiYEXFyM4EThTMdavm55b1sJzVHCHq,39humhs6nVpZWAqDBh97XfhP8tKMH5UjjL1KnzQLpPuW
GEDvxP3vFtHJDDP9W4LTnA1UEBfKw8mm9xb9MtBeUfxb,39g47CzxXAEQBfkEzEAj8WaTWxF7fAYgJUmthz6QX1Xs
BLjtsrixbNWyDd3w5z33wyrttZ5MoqweSsnUJU9CBknJ,39DZ31pBDbvAJ2mJ7KdFnix4Mer1ZhjexbPShfUXvMoe
B56NDdqVevb6K6aV9QwFkNN7VgNY3ZdjwMMCKSHZzC6L,39CoHmvXQFkLzocAfWcwf4jirFoq1JdUaz6e8QDfb9nu
DEoo1D7gLk4LWtEeWhMCvdpNV8ZvAB7GwPaSAccaxQZx,38SBXNVHufMrRL5Ro44Mhmk6vD4ffP8B1gaYLXEuxC7D
B56NDdqVevb6K6aV9QwFkNN7VgNY3ZdjwMMCKSHZzC6L,38KKzbE4m85onkfEC88J5RVMofhnT295Tv7xnkvsUvwW
BbgTRsfwp2F2nR9eE3raNUGvXgraySTFCWyvvXz1GiwY,386QJjVsCJr6YgJyogpi9EvtQhb1ZfGCcm9Fx8fk7c9p
AnuJCWBAkDhgNS1PjDNXSecnpKFkGPRZbbV81NCZ9L7T,37p8HioEVVqPyVV25jEV6wJEnW1AdLGRLHhBakV1whmK
FRiKTTtBFCraXxAdN9WbE9gHsJHauHzLKf2t53xiyFRR,37fh1RX5QMd9FP8hbYxRwhbassksVcdRS2GzGjxHkcrG
B56NDdqVevb6K6aV9QwFkNN7VgNY3ZdjwMMCKSHZzC6L,37eGAQpi3dryts9ME6jqrAyp2g6gtyTLry4pnR3WwmAe
BbgTRsfwp2F2nR9eE3raNUGvXgraySTFCWyvvXz1GiwY,373KGbS3FRLjSJWsxZ7ZjDUkRKXBhXok9kAS4YGxafAT
DZGyo9uB61bXihsKNv2yEie7XuwHqFwAnoPxqM1ML9yg,36nNCaq1x82Q5QcZmiEPT8j6pBsBYDyEAXyjyn4AQYGT
2dpobpzy1PLM7hsY16YwX6iM9xpxfh5DGqsY8hYBsfMm,36nHz2A1xKRkQBd2TfL7tUJkvpaHTGdoM5zdJczcc1Hn
FRiKTTtBFCraXxAdN9WbE9gHsJHauHzLKf2t53xiyFRR,36jkYnVYjYnZhEjKM7wugUfcWeAujCuJzsYCwVYGzXsn
DsmM9H5bnAqW7Ln6FZ2QNMegg8uggzzHMrvbpKUxdXur,36f5Gd7ZJURW9qEy7SeReANujADGXH5bFigarbyuNpP8
B56NDdqVevb6K6aV9QwFkNN7VgNY3ZdjwMMCKSHZzC6L,36YKmB1w94ULnGtY1mr4upovTDm2zwBeQM1QtWZmWq7L
ZE4LyYi6TyjoEs4yPvGfCfXYAbmkptN19J7o5wPP8KY,36TuNRS7XSTb5izKHgRQMXAxedtekyG66aq38rzibyMT
G6bfDikmBmntCLcLdFTQhZ2zhqcuWygDpgou2Nq8YqX1,354rEMWHHwCN9inrFiQnrTgVonCewG22N5Xb1SRwtZ7c
7mkr2BaLsRu3HVp23tM1USVbARKbawC6AWKDPAYAvbmC,34JE1feNW7iRWwPMt5kMA8hTHDFD6URjN2VeWi4dWgW5
2SNNfXWa6iTMLJbE6UodKjPW5rXbiHaG5XG2TpoAh9Wk,33cF8npJ5cvTspjQmyfJy8bL9essfanB2LD12P2TGFbH
51o1kfbAJmEGuCbBg9sESpqemPwZgdaTc46wRQRWZ6WY,331ZJR1RUrkSHiGBmJJSouDPt9oPpUvby65LCpfTNwEN
9kNgnqdSVTnHewKmwvq8TLxCDDkdRhj7vBRFZKFYczzR,32bBQrpafRTKoD4xU15ntJd59YbKj3Dyq62u3W1ViVT2
BLjtsrixbNWyDd3w5z33wyrttZ5MoqweSsnUJU9CBknJ,3251qifQdf4iuZD7xbqX66j1uj9vD7n4x5NBqHxqxvE6
5RRzt5impbDhzGepEZj44JqTu7o6NmXNRKSM4rSQPX1z,31N6kEQbAGn1qqvbH3ynatm66hZpzNqZTsaTnmoCrtaa
A4H9f41rngpzGE3ZUJTyBxLfB9LtH3q6WtGcwcyK544C,2zZ45uwHBbztXV34iYxzNpmfAA4f65UJz9uZyhTAXgvi
B56NDdqVevb6K6aV9QwFkNN7VgNY3ZdjwMMCKSHZzC6L,2zXTGXKTm8FYnYZTY6v1CAS5jLQ2rsvHJ8RRfcMz41p9
96Hk76K7kZA7xsSAA2aHA4drirS13oUdmrkp1iGvNgQa,2zFBNQuZaK4PbVtZ8DVHXxx1sYZ4Kb9dMu5Y3ceA2hjE
CyRzuuStoZQebUE4xQM5EUbvcHvMzGxgFes6xdRh9RiJ,2zCv2Jw3MNnwVXKLVAXLzsmyD5ppqZCG4vCbroWjZ8wu
1BWutmTvYPwDtmw9abTkS4Ssr8no61spGAvW1X6NDix,2yGfBCap5VGbkJCxi3kvrZ5NHWWFndT9htJfUoMfnDod
HGDgNDA2zuYXdPkiU2JCgQ2h8NThYFCTvV1Gp6Q2vyw7,2yBsSgQRM7vLp9XpNrfN7Rbm5Ho9EKpEaAJJXNJaEiTs
vCGmz9PjfTrMh2uK23RkqToZ1Jn2yc44D5KiVNaMt9S,2xwfcGh9pPNKZfDBq5mzzj5Atab7giM9qaYybpoyGu6e
7mkr2BaLsRu3HVp23tM1USVbARKbawC6AWKDPAYAvbmC,2xoTPPbWBnWMwy1Ms6mthZcgzJMgHWwdcrEq9TSsD9j4
2RdzkSXmarQnwBAoDpVJ8aAyxpsKw56rx14whnURLi1K,2xnwbGTybi8RuFWuhvNXYGEZhwbrQTFZ8sR2ous6mTj5
5Mic1WZXEySfSaeghLahBkqbS52i35vwmG6eAPEc3oph,2xbGQhQ1D8jmvGXP4zkupzUMpww7opjj8wFuDQygi5K8
3ukVQkntQ1Ydosb5yMrwA7xuDbbRij2JNSb22zYLWCQT,2xBkBXh1bjZuKKCcrGabFyvMieJQitgfZaE3KxDTvq6g
7yEKqyfRMMw7idsttmkqXp2Jtc1ooDgT6aZ6jm3Vmqgn,2wpJT5r1oTsPWS92NAiHk8xfAJX2VgXBv9yUEAXaZqMo
6tgfGvc6fYaZHVDKq4xSrbH1bmV9pXhhiZqvYwNtHaZe,2wRwG7A3TZH2P8ubpLGDpkQDnt5XtoPcVtTCk2JPgF5n
A1DZeL4TBtGvKb11ei4eBoAs1aRN9fB6wjgkLY8ER2dg,2wDDisohx17hUGmmCemLYkeQ2ibkTk4if3UmypUCKdSW
ECPQGL4oXtuk7HCraTcT3j6wS7yb9jn368un6JyWkrJi,2vwKhnmqs7QAi7jStL2sGyvDdA9UvWd7oHkyMNeiBCvd
BdsrCk3DRm66usFF37XnNqJWsCX8WPgwsZ6Nw9gxik7c,2vnXYi9WRyJvuKdZjzXFgmuqJuccDBribb3hUqviq8zy
vCGmz9PjfTrMh2uK23RkqToZ1Jn2yc44D5KiVNaMt9S,2vUUz3xeVmr81Yc7rWXrV7mDbUk14EU5sPhrwwkpQ1AG
gCv41sQZpWwVx7K8ec8GqtMqVqJBkmb6p1bXwbNZEUJ,2vRvSUcCFMDaSHNUrNUrDwEJ8gCVSuU2ZnqyiGma4Lmx
Cp9V3qLnjjCH7SNrEAtjqywqeztZKpXckDK13BA3EBU5,2vR3hteGfqFR3yf57rKB96GZY7GyxkdKcJDsZnMxw9DY
FDiLdtmNPWG7JikuvgMqYF7umENSzqJJtoJHpSVGBnPQ,2vQ2ATYmSD7S4enSsdCuy1huSmMxcpbuk4cHwE1qN4GX
3HpsMQv5vnUHW3Pc8sbU8U3KTGVd98Aa6pJUu7zgQwzU,2vN96vaqe9kG32XobzxrLeDFTh5B2YJCtDEGCaFbzrsH
4zdNGgAtFsW1cQgHqkiWyRsxaAgxrSRRynnuunxzjxue,2vAYsvNcto7DcpbSy9sS3AWBqW5BRqkmti7F7kkmJvVq
Dq17fAFKj9KgYvoXh932AgWg8CDGx1n7Ro4pyx2aew4H,2upbc2C5wvTmdVwBaeNRErAYY1rhTRq7Njug135Cd6C9
GEJ3zU94dgUcrac9QQF7qfF1w62toYhXYDKKCES8pXuH,2uNqkqPbBgJ4Ms6jtEPQ9ZFFcyfTFtQGrM8KDiG5WuL6
HGvHae7XzXDP9qJo99g4w7NjQA2sNdHhVKhGJZ3nbz9a,2tYSepjFEjkkS3pW9BauzyPyTchi9FJi99xN3Dod7qPo
7s6g9JGg3P5vZMnW1NXqfCWMhz7q1ZYrJVaQL1CNsqmk,2t6118zLf8MstT4fhLc2FM9r3iGuUgX5i4JAnsY6gKBp
85YK84ReFwLbpjBf5Pd16XuSHasvCzc5WQtTdsjdK6r9,2sipKK8isUKzaj8UCgo4zUHeM8fZPCQc7C58eFpenvvF
85YK84ReFwLbpjBf5Pd16XuSHasvCzc5WQtTdsjdK6r9,2sYckuhVXoSiwbpDziqwyy6dGs2ccNyXHx9bMppuMpRC
85YK84ReFwLbpjBf5Pd16XuSHasvCzc5WQtTdsjdK6r9,2sWyr2fyctU5YKmu67qwEW84o5FD4XRLqRChSNuhEv3R
E23gWko7K7euLSenWFD57c5r52aeLGGq3cR72R1M8DmM,2rt14EmTtBhdTGyZFwWQWpRtN7dfsoEaaQDZQLmSchrF
1BWutmTvYPwDtmw9abTkS4Ssr8no61spGAvW1X6NDix,2rrp1q81TGbhCn24acGzStGY2nbRzRcnqLZqYMEMo713
85YK84ReFwLbpjBf5Pd16XuSHasvCzc5WQtTdsjdK6r9,2rkZNEUQDW7HaCKKjGy3PmFKxDchvEtwuNwjKjZ6DMUK
5vy1i5Cusv9uxRedcQbQZwUC1SkqD7hZM9jkDApHdzwF,2rhWxGYc9tnHSjS6cffF7SXYyXUTgRCmq87w6TitU9qV
9xdoAzBMTQ27U8jQtHE6CjZvQFRGNpdv6FhA4GHRPdYn,2reU6PfXjq9NJw1HKpjBHsYkxUmYWyuZyaaexPs5nc9r
9HB5J7S7sSPXLPevwxKcfchMKmGXJknqmKr39jMvjWqU,2r1DmM2fSzDSZB6pibuv9tCLADeZEK277bGNWekm3e2c
7mkr2BaLsRu3HVp23tM1USVbARKbawC6AWKDPAYAvbmC,2qUmvKwNcyGyjYehr9tkp3KcX1fG3EaxUhrdL5sLVfWW
DenXVLRxRR3yrXFzwMEpnuizCcP6YMpaN9jUdZy2N8hB,2qCgoVAy9JDYeXyXxh8JR5U67eEf7WxQq4dYoe3jCKT8
vR6X4SXB1KWmKJ5ByPUSc4aYb3heyzVF68nNzd2HNFQ,2pxPeYqyVAtFjLhXrVRuxCwJscYhX6rJ6th5xHrwR7Y6
5cw7nMpBZVsqTfgC2QqeXrjt5AHbcDwBeNWuagUsf61i,2pgwtF1TtepaVHjVjuda8pkcJJFXD95PkuGPn46QQRXu
HGDgNDA2zuYXdPkiU2JCgQ2h8NThYFCTvV1Gp6Q2vyw7,2pJS524B3heXU6HpAeWWqHF8qFT55gCftiv7SHyZEum8
3PgFkYxqeJLXGQ8W7qZgEx884xpG1udFKRrvDwShhdht,2onJ3nCTqZMn9JaDQyo9ongmhH4SzFzt2x7ppq9k2PyC
EqU6pQ7NFqtdrgDhZ627dJtXgfneXqwhcGkaVssMVery,2omABazTvDbm1aCaW7CUknXhhACcE6BQQZMne7yWZsPY
7krpA97C6DVaeonJENk8Mgrc2NUDv47RQZU4fntPcrYk,2noAp4BDQDYwvkvWfaqYHcz3Kre7aHLVnvqm2Fw4XSAc
J4BKzARbSSrPYUn417JsSRnHHwNAKf6YVeQPpokaYMnQ,2nfPBmsdJek9guWA3RKp1TE85wQwcwkeY8QjgZjAy3tL
8egJKnneyx649wBZ1oPFBP8uPVjRkPUjgrvrcwVRsTsY,2nZCCsL1PPun7aHd2BbdzqWabVrwwFXPKvYxh965t8zz
85YK84ReFwLbpjBf5Pd16XuSHasvCzc5WQtTdsjdK6r9,2n1PaqTzh64Vpzc9BreCjT3Uvwyus2jqhZcqHX7Fz3cZ
A1DZeL4TBtGvKb11ei4eBoAs1aRN9fB6wjgkLY8ER2dg,2mt8Lcp742TiJkE5ta5obzZvnngmpP6iZbG2qZUVU2ir
HjhaWHdqskx7WefK1erGUtMvMou6ANDASJ8PArZhH3cm,2msH9RTQx45pFSL3ec8fRagmLrQiWupNMpVSub18P1B3
BbgTRsfwp2F2nR9eE3raNUGvXgraySTFCWyvvXz1GiwY,2mnURt6Cmko1JRsZhmNsyf2jmVuDhCG5DzVU1JRaUQHB
A1DZeL4TBtGvKb11ei4eBoAs1aRN9fB6wjgkLY8ER2dg,2mafEzF61PKJLX9B8ENkUK7T96VYSYXGS6jDZGzd4HeK
6Pb5U7iSSkq7YcTeP9Qdwi9dfNcRpqgSpxA5wWuU2Eau,2mNUgheuAFWLVwTtsfYTHqArL6L6Mj4G3x2Rb4NZbSox
1BWutmTvYPwDtmw9abTkS4Ssr8no61spGAvW1X6NDix,2mE7FSTLzVrGushsJoTth3p1Fcj1BLtWmxfpPHf7QruT
A4H9f41rngpzGE3ZUJTyBxLfB9LtH3q6WtGcwcyK544C,2kxtZJi6PoejSDVJZureiMFNaMQnFXCapAvZpcxDqEpg
1v6MRkY4Z2dBAsbibySvuaj7kXssvJrvYefLbSsWdzC,2kq55ZgJD9MBtTXZDJBRdRvuQB85qHbwU7iq8RQobQrt
2qpG2ZxY6piMcF9xsywNDSchvANYy2SYp9n6CkVnVqGq,2kZBCQvSC4XZp4DruGrCfSaPGgVN85a4EQKNssdMsWvT
FuSgtgU3zADRdVxPgGSQqFaEzADMPzu4M1Bmagud3RV4,2kAFYhEZpimLb7gAAd3ZDzzp1G6ZRXXERcvgYtfjzfps
DsmM9H5bnAqW7Ln6FZ2QNMegg8uggzzHMrvbpKUxdXur,2k2vdh8zRFicPWUEwQqyiDfEPENwrM78TXsDShy5HsfZ
28zpBTAzbtEvsfQQCm4QbV7oqd3dryfzzriU9sLroahE,2jxoN3jr5mX8MFLCY7HDmbRMaTSAb3qhHu8m45CuMwVa
CyRzuuStoZQebUE4xQM5EUbvcHvMzGxgFes6xdRh9RiJ,2jJXDcqAqFDk11X7tS2Bt3sPszidBWkpLqkXXY7F9uPf
CNcr1u2ABLqPm9Zvp8vhr39D4463ZPkiPQ8YNnFVxTWJ,2jDjbfNXTLfoxBTV7H8BWGqx3Xzpc89SziBbej8UjzQW
3ukVQkntQ1Ydosb5yMrwA7xuDbbRij2JNSb22zYLWCQT,2j6tEYjpG7RVFwEVWDSgQKgQ1VjL1QJC4G9wtXgG3nJu
A4H9f41rngpzGE3ZUJTyBxLfB9LtH3q6WtGcwcyK544C,2ikbqkndqPCU94DDFcpNUKRD6GbKwMJtTNa73homNY8D
GcaWLy14f57VQ3vE2vgP535PFukxHJSYsm233vW4tsTt,2iiPJvMWpRBE3ZShrRzzSbYgNvaPUAkR7tHVqL6nWBE2
85YK84ReFwLbpjBf5Pd16XuSHasvCzc5WQtTdsjdK6r9,2ibiHaGmipRitmzPF3hQsGjLoKBNCWrXw6GCAoHbV7Ca
98gE64ofm11GZGw5ucXSC9vnPDRmpKEzrSdoNMGzcR39,2iat5D7sMr833TGFhbXEULaziMk3K38WjuQ2QeysY2Go
DA4HR8Z4qi5XZyaQ6sL8DTsrnFbmkJwASedzT2hCc4uT,2iQ9EGSNr5NaBTSbNmMBt8vf5boo2mZJJ8k8thiub1WD
85YK84ReFwLbpjBf5Pd16XuSHasvCzc5WQtTdsjdK6r9,2hvt9skPyen3Bkwc1k8uDHSxc1xNhzkJGWYhsmrL7A61
CyRzuuStoZQebUE4xQM5EUbvcHvMzGxgFes6xdRh9RiJ,2hvHD2AoGsd8jvFqk74x1eY9rTH4NQVKC3QAdcvwrsLy
6FpG1xuWHfq7FSMtjY8VZtq6XYkToLg3MBMcfqmkiP7o,2h7rqCCP2YLiFHTmdCM4jnektNdQYwV2Z3Dvm488DzHZ
GdFLMtUnDwmBDP3NTNRbdd6KiVNgkGueuxeGdY7P6EbB,2gnr3NDSGvMsMCudrsYm5dYnvtpbduAAEbZeD2EBoGzA
DmsFcT68wqampP78Hm9E29DBLG99FuZJJmZAYw34uvrF,2gd2U8zdKbBtLHPLK9zoPLx2PpKPiyicVHrubgvke4YK
48xrAtxHYtnvrBzSJZaCwj9KhAVEXpRanniPacS8jQeJ,2gYUQBKgsAqHVpYBKkP1ZfjrkTt8rbRSFfjPmHnsztXR
HGDgNDA2zuYXdPkiU2JCgQ2h8NThYFCTvV1Gp6Q2vyw7,2gUwoSzb8ovfC2CgVnHy87sm4ScTQgFm9LhVseTQH7hZ
DrwaAEvSVYo1eP8KaQ2wMs4LcC52FioHPjfYw4nYfMvo,2gRNSMm61HoRbXWqa6UBwbJQ9zzMdBEM4arny8GRomsm
GmFonBFUe4m8YEmd2rNsjxFCV5nNwFwN5s3PT1tR4rev,2g4coNNpbFQSFD9W4y1tCWvNiL8Bz1vQXfXdqX72yfSb
BSBPUGW5RtxeXk3wD4Vu7szRdJBJBoe5yJNkuZngHaMZ,2ftLRZjdCAf4feziKX2kdWGe82QcGTKRHor7dB33Jo8R
5Mic1WZXEySfSaeghLahBkqbS52i35vwmG6eAPEc3oph,2fJmTK3hgcfW4sRVSvdezx2npUEy6DoAdHrZgf7MYbqP
85YK84ReFwLbpjBf5Pd16XuSHasvCzc5WQtTdsjdK6r9,2fHDYTWZmWN9wiZy8JLMU7YseVqvebcgpzFE912Lt1mx
D4P5mGNv4mnPE7XeSDsdqcWeyKtdHCnycNQXk6PKdrFx,2ev2HUCrSkruTQhey8JCcRKhvBKDo8NXpj7o1SdC8Lik
DenXVLRxRR3yrXFzwMEpnuizCcP6YMpaN9jUdZy2N8hB,2etde8LmmA94VdPkk25nw1BSyicP2Y9JqAFT4S11VsZY
DA4HR8Z4qi5XZyaQ6sL8DTsrnFbmkJwASedzT2hCc4uT,2eeFoWveQ2pg8srzsmb1Rj9aH41i7p8KSQPPHwDpFWFM
7mkr2BaLsRu3HVp23tM1USVbARKbawC6AWKDPAYAvbmC,2eXTZ8qGRVVxe9NKnCFsE3hZD3jq7GL5xLoTdTdNEWAR
5KhLrLWWEeaW4FTBzu5rU3Sj8YQooAfTriHWbdiKmFfk,2e7MXRDBC9WByP38yD8KfDaPQ5G5kcchmhtjoZMm8kNG
HMoZN3FEvxuecjGETQMa8EGPsCvibAbPfXP6h3cL4E8b,2dkPb1xH9mw4YJn79ewTd74SxNec27ckBhrJeEeKM8Kc
Ca7hytmNPuriqc3WZYubcijvm52UBTihUwsJq4tHwzp2,2dk3WscoYdiuxRDXx5da9Er95Eyox8R8nuLM54J7McZE
A1DZeL4TBtGvKb11ei4eBoAs1aRN9fB6wjgkLY8ER2dg,2dcv6ZCADdJjWyVAQDZw1YsHG5FEH2rtLgYqXJvB4YuU
8UNig4ZoftmdP9hEXLWRNXV54ThFb5Sg8mof5WjA6gC6,2dTcRnP4hmfWpjA11xRopYV4eymqikpPL6DSsznq5HpN
4zdNGgAtFsW1cQgHqkiWyRsxaAgxrSRRynnuunxzjxue,2dHtrYe2BTieAUnpNGTr4TpS9GWVhohtFjUEtWYvAc5A
6p1jx9nkH3HSMVcqwLrNKhHfsL81sozh4bWzdUs3iHdb,2dBvRFQL5YZrPHmHMmGLyanfWMcKxBsuWSzBwxrwGkpN
CUPNoyHknGX6kZAuT1jYDetju72twB5qY3awpm5Gm6Jg,2d1zWBqCQPvMc5Vz1ND5naYrwm5VvovVMvpLrKwtmUhM
8UfB2sfsFsb4B7xisKj7wYKWbQrmEd3nF377AaD9yf7h,2cc3oWf2twogTCfFkryFpSQhidoKBfEMEBzgE4Txwfww
JCPwcJzfk8tmJgmi27P2RbH3NdePBkp11EtZyJb7s7Zx,2cUsNcHJMe96mhgpHddJLrKo4hLnTUrD57eqPwUyHCUk
5fPeiibACJDbQ2JZJNc7HMKHXvtC6KrnVJR61aANJPCN,2cNSS3YEtXNvY3iNBedDGnnUzXz8LRaSZWeKS1SJrw6K
7yEKqyfRMMw7idsttmkqXp2Jtc1ooDgT6aZ6jm3Vmqgn,2cMBLYczJNBrxwE8wzomYKvn5rzt9395Kny8ZrriadgT
BjKPFxjSNfQr514tg4cdkv855adjMZvMN8keVHcxGojU,2brqCc2hx7ruvhHcjibbTM3FB9nJhaecJZTuWYxLWeyn
3HpsMQv5vnUHW3Pc8sbU8U3KTGVd98Aa6pJUu7zgQwzU,2bo9CXoayMPtC3dJNVaJxo8jth5BqH5Jaf8agybuy4Tq
ErvEmQWHfnvJX6D5VkPQorEWKYf2kKbVBemXLq8WzbKK,2bYXGMv7uLUk18yYqazaDcuHN2W6zKXpXAGZHdMWRogE
7mkr2BaLsRu3HVp23tM1USVbARKbawC6AWKDPAYAvbmC,2bTtwWbmMVhYWAkAGoYnGyzTF7YhL7uhp9R2YVtu4b5P
DmsFcT68wqampP78Hm9E29DBLG99FuZJJmZAYw34uvrF,2bTeW8v3mdembNnzCB93jY8CUExkLsbhg3Lh4Q1MCcnf
9gPHc5ge4WyaeXL28qbZ7hmAWuQz6eFsEZKwm5CnkpSo,2bSPbTrqSEPhbjMP2DDdQx3QfDHsr2A2v8M3MVQHFoia
HGDgNDA2zuYXdPkiU2JCgQ2h8NThYFCTvV1Gp6Q2vyw7,2bSBULgS9sqHh4TY81KnDHwUkr9h4DmjfYJ9EmpHVQwf
CCutrzdqQw8RsFEbAWNrLachSy5umQJ6f1f9rqXYfyMX,2axrXeJsfLkhJwTjTg8qAxaDnYwLVqnGUwbXPpPKVcGJ
J4BKzARbSSrPYUn417JsSRnHHwNAKf6YVeQPpokaYMnQ,2aRpDFQrvrcQohYk7nMbcPGzwANGyZzQDadv7zabXtoq
1BWutmTvYPwDtmw9abTkS4Ssr8no61spGAvW1X6NDix,2aFM8LTCGoVMQaN34ZPczZ6dZVqDLLaJFaPFZi5HTbMb
51o1kfbAJmEGuCbBg9sESpqemPwZgdaTc46wRQRWZ6WY,2Zv85vC9Hon6jU6XvtnPZt3V2fFqTtCVLX7Pu2NminMs
3nFztUhj9oDnnoeijCtNyFy162AP37zhcuybeFrizhYQ,2ZncdPdnzZAo6fRtdFEkVVCoXwZdC9MykhzUmqz1dGU7
7mkr2BaLsRu3HVp23tM1USVbARKbawC6AWKDPAYAvbmC,2ZSNXg7Hn7qfpiW581D2muamHTBNLSv1ZcdzUNr19agd
G1iLxRSBL7S9HfgbDjG8PgQRhsoP8yv6uiMrxKaKJe9T,2ZMFsMqGDjmTe4CWP4aBLaZXnPeya6nRzJzGikeeg2Ta
3ukVQkntQ1Ydosb5yMrwA7xuDbbRij2JNSb22zYLWCQT,2ZM1D3bL7TKGoLweFncGJtPt6J1u82uo5TXL39uCegBJ
GGAEr5T35hSVoUXnLRxeDBuhBj45DHk2BzQmaHpkDFcQ,2Z25LRnsV997TMzcPzn9dpSxRg4bnx2vhpntp86gL1PA
9wZfVrquxEzQjR6fiGmP4s4Q5MwQFFTDFaGwJi762JLK,2YUXtV1xCpUg6pFjU3sPUsfXNrK4iVn6PybdHpBbY1k3
85YK84ReFwLbpjBf5Pd16XuSHasvCzc5WQtTdsjdK6r9,2Y1YaqevfMmo7JymvyJzsjdcBxsfVAvj8nG1iE3rEYLq
85YK84ReFwLbpjBf5Pd16XuSHasvCzc5WQtTdsjdK6r9,2XzAUVmdTn3HBTo5TYRL9kzqBXPNUDYcqJTbxsXA5csM
CUPNoyHknGX6kZAuT1jYDetju72twB5qY3awpm5Gm6Jg,2Xf4wRTqYuwUzMLaWav3K71asvQnWfY1bi4iWoJ4JdsE
GYdn6EYXE4V52gXu2h3n2cDAhixr63PVzZ8F3iZqfTQ3,2XSxK1fXpRz6ZSr6QPWhrHqjs9aMNvFPhukCdXEtqWS1
7mkr2BaLsRu3HVp23tM1USVbARKbawC6AWKDPAYAvbmC,2XM1ZXL5FkRMmGirQLsNZ5ZGiNCQA3UWRHQ2Kv5HUyBp
B56NDdqVevb6K6aV9QwFkNN7VgNY3ZdjwMMCKSHZzC6L,2XJ8QmGXV5pT9mWWXPyywy2TZhytecx6K9nfNFZZDhGa
9cJBcFEy5hpaW4zPUxpKjmaPMNA54BenRCC1z8GygFY1,2X11RmCxZkahDJZmwoozixSgin1aTYQbpW1s1owoD2iA
5cw7nMpBZVsqTfgC2QqeXrjt5AHbcDwBeNWuagUsf61i,2WhxH8y1xfFZ9d3Vv2kwUVsyEEQbLYdLwSPJhm7w4c4Y
85YK84ReFwLbpjBf5Pd16XuSHasvCzc5WQtTdsjdK6r9,2WGvCBQVkYBCfvV7skVkC748zJPGMw2M3QjHjKdnkLNz
773aDzyDLsTy4VtkKX3mG6Umdkg34Xk8yfdtTTpzDBf,2WBvbBSgDU55ZMgdySqjh2momhT2FCwFGBd1PgR1qMiT
DRUwiG2we5diuWst7QA28iRyrt72Zvu2uv99Gx4mkAmL,2WAcSMSYdoUjTADfhqdd7n8cLLpTmciGbLxU1TYZDU3V
FRiKTTtBFCraXxAdN9WbE9gHsJHauHzLKf2t53xiyFRR,2WA9sMYDNp9XoMfYAtNtJvqjXtveKANBor4yUyTXHTz9
gCv41sQZpWwVx7K8ec8GqtMqVqJBkmb6p1bXwbNZEUJ,2W7RGQMT7mWYuqNmVpJUTL4nWdq2mMp5UivTbg2FntGG
AKax6FXrzK3pTrx56vysk4D9sGmxoTYjsQG1BT5n9nWT,2VyYyyR6Nbvn1jqytaG33ZcT675CfcEGEU3fbacLTWr4
6HZ5BjrnLRkxC1V5E8mW2t9V8SxPhzz1RM8mBUQxxQ7Q,2VDaUCotBx26MYMVW6A4o3G3FGreM353CzQD8weZh5De
BgcHttqUndz3koLtVUqZELci8hfFtkbzJoxh8TWZJHVv,2VBK4giBviNaNS8BXaL5chkh4hHGBygyvsqu1tuG8qgm
8tK2wrpPnU5UtCzkh6HmcxjsiNq4gqJMdNrEwgxSc8WA,2Uv3QRcQKzTKPtNzPDAsZLAZv1aGWrorxhYwvQAvd8Aa
8jf2oh46XVfatsquSLbkEwNNvL6W9w7Fqu2L6cefRrHP,2UZmGktivioyvMzDQ1cGdP5cCvGgc3xBSsKnVe9X2Cmb
BbgTRsfwp2F2nR9eE3raNUGvXgraySTFCWyvvXz1GiwY,2UGF8xvgW5kBM61GZFUpFThmyYdSKuH8A7zLEriRewKA
G6bfDikmBmntCLcLdFTQhZ2zhqcuWygDpgou2Nq8YqX1,2UCm6LHnPn2B3V8vpx9Xu3NU77FAMH9qgPGJTRc2fU1c
GrWRjRbunwSVdzFtcZyguiwL3gMMqLQnD4NkKg4H3oAf,2U7KixjbW3VjJBA1zWKn4UmBGLN2apNj2roRtCSYiB6j
CDWsgji5maQ1qdZyU5joZLGU9ePSp3fHamVY36yVVVt1,2U5YbBRhkfqXpe8iZHEbx9Nqguq9TtNhSYRCVtiUbmuM
8VeeZSEgyMJRBcqmLixvLELp7ngqMY5CB3qmJg4Se5Ti,2TkWwLuAtuHJuCrPV3trCNyQDhK3AeGT8NYYUWUvcau3
AZexiw6X7ZBi4KEqEeDdMo8o25o5ZaX57qC9VFbVN78t,2TJzgSE1uVDTgjHrw8P3ec3BhgDhc4oYV1M8mDN849Pr
5RRzt5impbDhzGepEZj44JqTu7o6NmXNRKSM4rSQPX1z,2TBEJCsfxgtYtYqmxeLtpVsnQR9TBhfReuo1G4J8NXhu
E23gWko7K7euLSenWFD57c5r52aeLGGq3cR72R1M8DmM,2SrkTmc3CN9s8xb2g9mBiaZGQk87R5e4WUjEZ92SqhpL
1BWutmTvYPwDtmw9abTkS4Ssr8no61spGAvW1X6NDix,2SgWPzYwnefRdoNWHCEZb5Egs4CNYTgzACyrCpyVNsRi
DGDZG8yJpGvTKy2s5KrTgEThQeJQ49Wr3eCFVsrsCZ7W,2RY9R22Gk2omypynLsN6DnZxU1xNZG2RNjjQTKMzxTeH
21Vnj2z2SYZns5Vji4vEV1w2HMkZDZShmaPhWS2sbG3v,2RDP7C9UZ1ytMpkh1cWpDD1NPA3yhNakLw5aG3AwFyYd
85YK84ReFwLbpjBf5Pd16XuSHasvCzc5WQtTdsjdK6r9,2R26aPaDphqy6FCnNUyKKwbdMnr4QhJ2ZYg9FDzJ4BUV
E8V4URqHCEW6HmFUiw9VhGiz3o4764xgpDMiSVJ2k5Jw,2QkAgsYbydfb2bwfa5X1gk1bks2ndkwNeE8owVGfNzjN
B56NDdqVevb6K6aV9QwFkNN7VgNY3ZdjwMMCKSHZzC6L,2QZwxDZoTwKrnH9kuxJMubwoLFGZzrMa265K84HrAibj
GmFonBFUe4m8YEmd2rNsjxFCV5nNwFwN5s3PT1tR4rev,2QKvGTEG94dk7t3D35YKPi1ENES5DAtCfFWT55kFhdSd
1BWutmTvYPwDtmw9abTkS4Ssr8no61spGAvW1X6NDix,2PSg8U6KtvVXUksf1XBP1YkZL3QRLJcCE6oBB7m4THRe
A3FRThevKJVh8HijoNwhnSRvCRjnkJ3FyfLPeFbgg5Z5,2P79nkTpmXDr78AFTCt75r4e4CEmfDtn1JtyXG6WMuTQ
FgY5QcnWjWresevhUqW2uWyf5KigzeLd4gsebvnVWpyf,2NpESuApFcVNvvnTPrPjZbSbeJZMRmiBb7jdbYYTWQhL
7QjpEYTntTZzdghCcE6hxKK1BM3s1Kyrtq5NuyzVE6sk,2NmUrDwVRVgThVtWzknro4AnKw4bmZ3fob9uHjnxCZw8
85YK84ReFwLbpjBf5Pd16XuSHasvCzc5WQtTdsjdK6r9,2Mw7SXK2ucTPCzpV7mmZV4En7UcevDPqeriQiyMbTVin
HYn8C7jiyawxxYjVwV4eUzUw2yndmHYDBZb7zCFScp83,2Mk3WSvncm9WwSoaq9TsRyJ9ivHgazcxUpQci3vA5RyK
8Q4fYfyDCD9vHBxYqdFww32SBSVWFy3N7mx5tyyj5KZb,2MfDypmEyTP9DuRHSHfMkBNHKRLhSWxHsg9XRd6SVZi8
3SzpHYMGAVSPiWkkPizU5u8d3G9nygpgB4x4M1aSJ8nQ,2MHq721A6Thv9jJDaWYbvvBCUKbei6pdUyfSvpg4geK4
3ukVQkntQ1Ydosb5yMrwA7xuDbbRij2JNSb22zYLWCQT,2LnmeDRE46M6RqX4vh28WuU5n8FK6NyA6UeVx4hY2Ati
GzMVoF7wgMXsKEu4bDFiXBQibDJz5NjSR38PptngzDr2,2Lkf7GJnbzSso28o92nMKBun4iStMXQ2T4wXC3zUeVEp
3ukVQkntQ1Ydosb5yMrwA7xuDbbRij2JNSb22zYLWCQT,2LCmzGpHNa4GNpucif8AjtBiEH9FiqybBKQHq2kt2QiP
85YK84ReFwLbpjBf5Pd16XuSHasvCzc5WQtTdsjdK6r9,2Ks5TPiGeUKnkiaZVWmdtXEZUe2ue1F7H7ZE5cqkJWGr
3ukVQkntQ1Ydosb5yMrwA7xuDbbRij2JNSb22zYLWCQT,2KgaFMgm1qJZoc5TS9aGnditJLfEKNMDxH35Tb3FgYhm
ZE4LyYi6TyjoEs4yPvGfCfXYAbmkptN19J7o5wPP8KY,2KafUPBzC3A4wgQcMVAqdmuA7HwQPKouUrMkxn6keuqa
4ohKBnA6HLNp6VXLHtBNtEH9JUb575AS7rJT1BFaKo12,2K2v6Mw56GUBgbYPHT5Ag6AqhmjaP3piD4PeY4ZRnA2C
ZE4LyYi6TyjoEs4yPvGfCfXYAbmkptN19J7o5wPP8KY,2Jq65dVz52gt5preKcheukaLCHsjnm8ntPxNa1TMnNbr
7dy8heSXUKaX3nRLkQ69NetzQxZYNQgUQsCsvTeV8MVt,2JLvdAstXW1bRoWBkqpCgryDzWyDnYunq4STas3LA5Vh
CyRzuuStoZQebUE4xQM5EUbvcHvMzGxgFes6xdRh9RiJ,2HdkZCZU7NXAAEhcGz6sg88rvgAXRY9hPDiFmtT5ePxQ
9F91HmFYbAfMujt2uRAtV5vKRRC7GwJXuP1aBs9J69Yw,2HCSEKguCSQEP1gJy7S8rCn3d27LXAuRwZzERNhoscw4
3ukVQkntQ1Ydosb5yMrwA7xuDbbRij2JNSb22zYLWCQT,2GkcEvZnoPyjJ5JUWcz8waif5bDMD923P5RZgNFKq9tw
1BWutmTvYPwDtmw9abTkS4Ssr8no61spGAvW1X6NDix,2GYpWLjPtexU23ggJtyYVxu6LfJ2kF5aKLbCtmthyh8L
2dpobpzy1PLM7hsY16YwX6iM9xpxfh5DGqsY8hYBsfMm,2GUUMvxBS6FWVSYTNGTQi67Fn4ohXoWQihuTMbUBkovG
3ukVQkntQ1Ydosb5yMrwA7xuDbbRij2JNSb22zYLWCQT,2GTNjt7xB3xKNEvHjDSJrL83Ub2qd13RhJaFX83mqTDZ
6tzGsLw4DzxFw7vXsGZjkgYxtRukUyWQ23jTTVWgvKXZ,2FnwyX9DEbeoHaAMANG65e8Md7BpR8bn7V85sZPJegQo
9DRQpunpejKwU5jVvFUm7QGmeNjyaybvh2s6CkyUUT2T,2FXwq1sHyg4rC22C5g51ShbF2cNYS5vtKQx6CXQQmyGf
HGDgNDA2zuYXdPkiU2JCgQ2h8NThYFCTvV1Gp6Q2vyw7,2FQm2MDQe6GAMxrYrp1mzXbH31zjxp7jMKFEujV6t4dw
ASF3M9SXSmuobEFg1uk2P6agRdkMWSeoCYkZu17rtnMt,2F5ab5EqNvBZ8wgprgqfv9BKJiMkqmdHFnt9izNBGgMD
2YKUB15BsLa4a6WVuHbMtjWyuUq492tnmWgJ3BZ19An5,2EwmxmqgfSi93UVxVn4wPW3EZ7yMhYLQs6SvWSQ1gAq2
G6bfDikmBmntCLcLdFTQhZ2zhqcuWygDpgou2Nq8YqX1,2EbtwJFdEtVfjpBRwnxDpo74rLRMR5SkEhMnvscwFzSx
FRiKTTtBFCraXxAdN9WbE9gHsJHauHzLKf2t53xiyFRR,2EZDo3vXYenxMZUKcTCFccJGELuRYksH2tTbqLfaRi4q
85YK84ReFwLbpjBf5Pd16XuSHasvCzc5WQtTdsjdK6r9,2EDM9mCN2EusRwBerGZ5uPy86EawXWjZ9d8LTLZy6F16
6Fbip7vCAkZcPTc33Vt567btXKmPSBqQed1B9fPB2eEw,2Diak9irFLJUKcRBtyT6H1fKtoSE9YU7BoQCmr7szmny
B56NDdqVevb6K6aV9QwFkNN7VgNY3ZdjwMMCKSHZzC6L,2CspFJHkmE8ru6PqXQLRfrkMycVyRMummNf98SsMVS1K
GmFonBFUe4m8YEmd2rNsjxFCV5nNwFwN5s3PT1tR4rev,2Cps9k9SLuYyUiUfXRBTGcpW9zCuVkZXP5pGRbNumzmj
Fnh36NncPqrSnaYYY5mhsuZkBa21Ad35V495fpWqftvM,2CfS2mAcpYcSnMqXYKXE2ghYAs4B97Mik5poxjrjKpKJ
1BWutmTvYPwDtmw9abTkS4Ssr8no61spGAvW1X6NDix,2CRTmQUwuTSZUkguUemHkXvvEcs1UkUZX4RPGnjV9KvH
THthoAPa4rKqfZLe7oqzW2G6BiQoAuyw4Ty7GK7a9WG,2CBpZSzWrgyTdiY84XywAAbqwaXQj5RPKtXKF8md8iJn
CyRzuuStoZQebUE4xQM5EUbvcHvMzGxgFes6xdRh9RiJ,2C9kbQPNQ5w7nA97taceUHgXQC3ZCJEivwiE6KLHAV9G
F2HaJAKoQMCBKW69nNL7DD5kiyEzybWQ5zHVdgVb8Kw4,2BJk4LR88kHL2tKX9VS7WsEa2XTvmLEeTXKXsohqveJh
CUPNoyHknGX6kZAuT1jYDetju72twB5qY3awpm5Gm6Jg,2B9oHdEv424NiAgiGEnZU8iLdMEcwK6hS8ojxA9x5PGM
Eq7psDEhXtvxeQrHhCQqpSHEVuqkzBH5zF9p7A8uMezy,2B4Kcjeo1BA5ywsUK6nFVBA4mUuRYLxWFTZL7fhB3kx3
DGDZG8yJpGvTKy2s5KrTgEThQeJQ49Wr3eCFVsrsCZ7W,2APX8BYV3hLsd5V9UQaVyA3bEBLmRtrvi4U9xoco5smH
FYmqBor2oxbSjfAhvFjHbgSqRnewwoRyDXCBup4XmGkR,29mCHYV6rCamFhXt8EXwBWubfjXMZHMxQV7XSyJwE5aY
B56NDdqVevb6K6aV9QwFkNN7VgNY3ZdjwMMCKSHZzC6L,29Fd3mYkN8aCuWEgmMymaMidjWQ6hTSQnn8Lr4eqqRp4
7kjLsQR3GKCRAfivG64QYD4d6aFQySEBdU8r9TaR6GEQ,28y9mBmPfhCtntNX8ohpDdQW7bzU7NR43ByAcsuFzdQj
CyRzuuStoZQebUE4xQM5EUbvcHvMzGxgFes6xdRh9RiJ,28h9CDSKiGCVLWt6B1Kj7X2PXAB2tfqNjn8jozyMdRon
CyRzuuStoZQebUE4xQM5EUbvcHvMzGxgFes6xdRh9RiJ,28JaXJSdxgMEmBa9uATmQDEBQEHxKo3rhydAjNS3RsZC
8FfTMCkUSRCmRboUVrKSpka1cZT8kBaQD2LmAoWm3gmE,28GVbVnjDJAZrHDqQgEmbDXWKTgnsAkZZaqp57oewJJM
A1DZeL4TBtGvKb11ei4eBoAs1aRN9fB6wjgkLY8ER2dg,27X3FBUNFYxGKo5eZXUYWnSXPXqj5tK77grKXnddgtAU
21ufDGsSo3cLvJ5ckMHbff79mGL6faDv5jxkuSMTseKb,279ND6QTnPbdCwjHT5kaSs2dP5h5LqJ5ikpCNeUvhwKZ
GCpdCyDoga1UhbKFk1kMBnDhhHWZJiXWT78CSsXkSN9p,276gZjuHyUvXUghYwuP36396jM4FhYxJbLJtW1d7UnsT
J4BKzARbSSrPYUn417JsSRnHHwNAKf6YVeQPpokaYMnQ,26zk841aFGfDreYyRh4yFk54kQx3AGSxGgdeTkuz8xfd
5n5burEA16Kfmwi8dwmrhc2723G1Ge2BDDfGYQBudFSi,26S1Lms7rWAEZxjYcj9de4UzwUtfFz2Wnr32MPtngPLx
4ohKBnA6HLNp6VXLHtBNtEH9JUb575AS7rJT1BFaKo12,26P6TwYZE687kMNkBXDrz4ga9AcpDvNMjgufREvEoVFc
Bry3WqC4yhHtTxKwk7oeK5aeadEqHtFnG3AtNjrHXfyQ,25S8h4ayK9VcZ1JCLKYoVpYz3EWrKh8BaAiaJfZSNrJW
FVrfzVXNUbUAYYA3QGKZaqQwbmmNy7EouKs85do765fY,25R1VYtrwMe4vXnF5CX2vk5zZVCDKvjPgmknEYF5vLGX
G6bfDikmBmntCLcLdFTQhZ2zhqcuWygDpgou2Nq8YqX1,24uBdyKxPBtMHZdktnmnKLaXCAhL5CDCNwKK4rjC2tnD
BWCuJea51hJWxAgLAX5u6XsKjs22PfeJ77pfFzDHaLYi,24KuGcu85H2ReRpUX7vF7Nm61NFiYsyrETmrvdGWp4zb
J4BKzARbSSrPYUn417JsSRnHHwNAKf6YVeQPpokaYMnQ,24Ap5PyzX3tU8YXdsK9VLGhta6okqFYV8UYp1RSbMsSP
3ukVQkntQ1Ydosb5yMrwA7xuDbbRij2JNSb22zYLWCQT,234FwKU6adZ9FLhB3fgGtGZzBxfw1i1m4VimC2vYrfjd
BSBPUGW5RtxeXk3wD4Vu7szRdJBJBoe5yJNkuZngHaMZ,22mvAZfYzEJwcFnGcxuHNEeurfXVpwtNcrrSiCp1FmMM
G46y1sADk9zrQStAxRu4W8ad1DK9ceccEzMVMCc2XUTM,21NaDL2LyHco6xG2GbodUCwLEBo57ZhBuZYuyRtaW31C
gCv41sQZpWwVx7K8ec8GqtMqVqJBkmb6p1bXwbNZEUJ,zU5KeM2DFPbLk1NGQ2R8LJJQYoWxA5ukNmxx2D48d3d
21ufDGsSo3cLvJ5ckMHbff79mGL6faDv5jxkuSMTseKb,zGdPDM69NRsG1XCJYcH6D8eoSRpiU9J6B6cH5YdnhHh
C4yo35zPv7x1MxRpMYeDzvAYYsaWur22mrZ282b54ySM,zG9SLLrDZTTvXJXNtFnp9LGVCKwqmYhccqBPciaBZWi
85YK84ReFwLbpjBf5Pd16XuSHasvCzc5WQtTdsjdK6r9,z9C1k3S1wxJqFKQGJUNE7o9N36Rw6KXRbhXHkjwMsjs
gCv41sQZpWwVx7K8ec8GqtMqVqJBkmb6p1bXwbNZEUJ,yZfcnNvgyMn5mk2czsjjkWS7cS15bCJsXtnroWprfqw
HGDgNDA2zuYXdPkiU2JCgQ2h8NThYFCTvV1Gp6Q2vyw7,y7LksiG1WcSvUdQoHJgRNAbwCxG8MCNG63kECXrc9UC
Bg9RFPiBTovGK85dg2u4xafuyxqXBFHTa5hHGypGC2a7,xwk4Tc1yaqhEN5WethWkfZkWp96NBJp7Ut8Z64VAsWq
7yEKqyfRMMw7idsttmkqXp2Jtc1ooDgT6aZ6jm3Vmqgn,xbdWBMDGThqbWuK36LuSmxNXUsYVrRz6XtRttbKoN2j
ECPQGL4oXtuk7HCraTcT3j6wS7yb9jn368un6JyWkrJi,xNuvTx88xXrPLfiWbJbxXKrxzuLCqTvjzSTJ2bv87rM
4rXP6uxryTQ1RQ9oWYVMgGY8H1WVntg1DqSuMNLVUoXC,x6UUKN3xGZbWR7mTz7YPhdtc99EnDRqUMvXyt5C44QP
B56NDdqVevb6K6aV9QwFkNN7VgNY3ZdjwMMCKSHZzC6L,wtwCgprZh6XXeA3aviRSx9DBjvuFbqazJVBjhqL7aMP
7mkr2BaLsRu3HVp23tM1USVbARKbawC6AWKDPAYAvbmC,wTENy8rHVjHGRWYyHf4yb2GKypbQmhnZVcbsvLZTTkp
ZE4LyYi6TyjoEs4yPvGfCfXYAbmkptN19J7o5wPP8KY,u3i2TGS2VKusvx2TGeY6t5XyZD9RRHKM88xmSocwfNc
7dy8heSXUKaX3nRLkQ69NetzQxZYNQgUQsCsvTeV8MVt,tvkZYnqXZVmYzcne2MsMGuSiUfVaHD2E93vWnddvGtv
1BWutmTvYPwDtmw9abTkS4Ssr8no61spGAvW1X6NDix,tsHJAQgFwpP7dzcVaWgspHx7H2fkL3fSQejjqdiDszt
7mkr2BaLsRu3HVp23tM1USVbARKbawC6AWKDPAYAvbmC,srbEAAPPXd2wZQz4HLP42RMJnnvCVU95ss6E2Htt6LQ
D8u7z3LSFXX95vc97NotiPe6uGcxaMNMVKYU7DYP9nL4,snywZZJJTfUuBHyWb2j2qZyxc6qSh19bD5rsvPuU3Kq
7yEKqyfRMMw7idsttmkqXp2Jtc1ooDgT6aZ6jm3Vmqgn,skkPrN3P5KCMuTyidrxSvWERZGiQMjB7L11pven1nqY
ZKSCS2dPasCVZe9K3Qmga1A8hhzNxgJW2qjaZDc415Q,sbiW4VscrKD1aK3C3EYYHGfJLVeXDvNWuUr441Ly39u
6TP8eLH2iqH1AsffWD6PKp9g9oTfpdKrz98z9KEV9gA8,sEAdyBE3M4BhepLmmbPVJwAcusTsgUyiipLVydtgJZJ
7mkr2BaLsRu3HVp23tM1USVbARKbawC6AWKDPAYAvbmC,sC4AaiDRjkGwaBcjLS8rAiNHJqVe4D2FFxiHyieCmoF
FRiKTTtBFCraXxAdN9WbE9gHsJHauHzLKf2t53xiyFRR,s9qsDCTmvF5pxbpfQ6gUhD46ABNSr451vKhb2CKqci2
J4BKzARbSSrPYUn417JsSRnHHwNAKf6YVeQPpokaYMnQ,s5tnhbiFK4K1UPvMfKd9DR23ufp8fwzh4CpcYuDskQx
FRiKTTtBFCraXxAdN9WbE9gHsJHauHzLKf2t53xiyFRR,rxRy7WEJuQUtnspJXmnkDkfZjbNjDiEEpKgzAiUtLao
FgY5QcnWjWresevhUqW2uWyf5KigzeLd4gsebvnVWpyf,rB17fWh4DxYS9rdYQXzEJYZiJkKHdM7hx7VTfb75yk3
cHe9jhHZq6A4FVoAZnucyUM33QP9uTHTEQ64WyVqE3n,qt9Ssia3H1KaZhj34KmzJhUNm2msEqRtH2fbzMj9nFx
7pLVofwG8ydYt6nyhgsH46ZxchyUno5RgWBDmAeDBD4b,qd9bRyAf3EkkrucPsWinyb7emF1BzkVNW6FYNSMKFqJ
5nBFfumxMQGc6jP6j6F3xJtzmvMjDGtWAnTU3XWRMHvz,qBwyZRnFHSZe7wcb7UWFm6f4FPn86rgb2YtLdNv4Qak
9wZfVrquxEzQjR6fiGmP4s4Q5MwQFFTDFaGwJi762JLK,q7x1hSGGYfomesG5YXf2XaeC5oUxKcsU9PTKbYrAJnR
51heTkRjYg6287GAGBxsGNPNeRnP2cu5K731jXZ27Pui,petUgxBaujYS75eCHA7zbaQVMHbaktbv4AwT1nad55t
9gPHc5ge4WyaeXL28qbZ7hmAWuQz6eFsEZKwm5CnkpSo,pLcFoCH9utpJEkaN4uWveeeCKTv7BgKxnDXsdT5Saop
1BWutmTvYPwDtmw9abTkS4Ssr8no61spGAvW1X6NDix,p6NVez7cs2LhuNG25hxtNeNJAKVkyLYRf8aT1gbATsF
85YK84ReFwLbpjBf5Pd16XuSHasvCzc5WQtTdsjdK6r9,oyP43CHYoaaJV2uZARwtKp4j5eiXaE8u9Ph9MCkxP32
AAq87k8akEsoDxwuFJcdvx7d6tNymdtbw3Gr68jftuvB,othS6hvdcgj4wiQoejQRGXGnsLUvHp2FcfcHvrRLYdp
G49DRiRsrtwNgdSnE7x6FisMoA45H8EN9BdVA4dXaM6Q,okySEEPYuc4uVVZC9MpwATG3ii8LRP1rr1U55n3zrGQ
5nBFfumxMQGc6jP6j6F3xJtzmvMjDGtWAnTU3XWRMHvz,ojtp4ZnpuXQ4GTA9wcd3tZBro5fxZu8uyoHPpt22yZt
7mkr2BaLsRu3HVp23tM1USVbARKbawC6AWKDPAYAvbmC,obj4AjNtAn9CtJiS3H4H22tEVC4NFkK3RuTsHgaCCLB
G6bfDikmBmntCLcLdFTQhZ2zhqcuWygDpgou2Nq8YqX1,obMbhgVj95Q8LPZLoChUxGJDvGCm2cbDSzKchNFXwWQ
HYn8C7jiyawxxYjVwV4eUzUw2yndmHYDBZb7zCFScp83,nvdVCDx5c2dsKooNXY1XiQE4swUv8H3ebeK153PmURw
ECPQGL4oXtuk7HCraTcT3j6wS7yb9jn368un6JyWkrJi,no4bvaBgVv44bixwPFDC6qHKdeFfhWG7LtXKpPPqtBB
DoXgkzBXa33v45m2kbMToH9FsDyAPNWXuk4xYCMsmAHf,mvM68Wd44Jd8ZrGtZibXstmSy9rubYjnCdPwSwFJHW1
5RRzt5impbDhzGepEZj44JqTu7o6NmXNRKSM4rSQPX1z,mkpMQ3pJAdDwHZLNHTcsj4Nb4L1oJ6TAiuipqrsawxp
B56NDdqVevb6K6aV9QwFkNN7VgNY3ZdjwMMCKSHZzC6L,mVwDJdCAErSdEDLscCmaCt1xy88naruxfQkBzTyQtpU
E1Tx5cJQvazKcwXdfCoaaqpyBncfSGXvfCsX6ppPnGzN,mSCb3wDK4tHvCjbsjFGurDdoumtwYmK8XB9BXy1C7Yg
2iXiEEE4g9RdajtaCZKcFSRQN1xYXu1F6YbPGaVzg6p5,mPLLoNGRmh9inMZnYqK1Fwgo9eZ479nDsTFoW4TPoUq
9wZfVrquxEzQjR6fiGmP4s4Q5MwQFFTDFaGwJi762JLK,kgyqCcNF41ah5z1yQNJvbpwhvk4zK7UkJPvPLK9eAQo
HTMtCceDvrR4JasEW9PKBexxydEppN8DnWp7nuAb23rg,kdzB2c17nkoWiYh1UYE43cXy96S8n8tQm7QHcogC9hs
7aLXJFAe4Mvkp8KGeeeXq87L5xqR6EMD1b517xpF59zr,kd5NW5AYZZ3VAiKuMkZV4DNc3ZsaxFvcV9TdhHPvRVa
7aLXJFAe4Mvkp8KGeeeXq87L5xqR6EMD1b517xpF59zr,kbSsgRKEKZvMRuj32wudTcfijHnbTrkmV9BMH9FT6B8
FNBb12zch5XdYXy2ahYHWopbmDat9HmQYdJTiuB9qXLF,kTJVfv9wVzfPgeRmLikQme7cbGyQy4JaGmLaDXpDdcw
HTTBXgRurv83NrjmwiBaJVhEYdD7uBUvPQhLSsUq53Hk,jx6SjwPBPPHFH2hQfxEdkz6GURaACmZTddjasr7VQzN
85YK84ReFwLbpjBf5Pd16XuSHasvCzc5WQtTdsjdK6r9,jWHVbASr9fFzWc3fabyiYTSzidfsbRhqp8yNzoo695N
98x4kCEBreSSi1bLccGpsyz6oYWSnsrXjgEu1nxHgVG6,jVFEPku8d1X9gggh4PHepGF7qR8VFnqafqoobARCd1b
GCpdCyDoga1UhbKFk1kMBnDhhHWZJiXWT78CSsXkSN9p,jQ12nA1LPydhQcZus9PXsN9n6bdQdVy36RPxtDwJ9VL
4qpVA22vFmP71dbqC5n3iRchbUTqWN7ToY75zwCYqge3,ixnLd95tDjJr3vh7Mg3QadvS1kt2dVTBk2Lt5xT3Mq1
J8qJWV9QYJGXcimLkF5GXsibdfUCpeqatYKyAJV5o9B4,iMqYhrrieQ2PfvjfqtxP9LLPHTza3BaMhkUW9Msyoa4
BbgTRsfwp2F2nR9eE3raNUGvXgraySTFCWyvvXz1GiwY,htAg4T5szn2uuXWyAHKDK83yvfT84GXhZfuUeNY1U89
8Q4fYfyDCD9vHBxYqdFww32SBSVWFy3N7mx5tyyj5KZb,hrPTBsBW6hm4Lro3dSh7ktb7tuY7K8shv8LMC4wEh7P
7yEKqyfRMMw7idsttmkqXp2Jtc1ooDgT6aZ6jm3Vmqgn,h5iSyYYGSrmMaDPEhkWyCe8iXavFdU6iC7cRr3oByJC
BbgTRsfwp2F2nR9eE3raNUGvXgraySTFCWyvvXz1GiwY,giE4HJLoT5Pua2CJh99iaoXPXfZFZScarzzLDrkZVv3
HzYXCFaNDiaziQtWXnNPXED5T32VTmrHQEtthe1E4aKH,gCcMG9oVUQUeY1FUzfRVbVjd8jpjaHC1Y44F6W1X73b
ABvohqfbZmyyXWPjsTW4LmidA83hZCBu8PQULYarSDne,f8foCiuW7QTpDxqbuFNJ9ScNBtyDR8BKUhYhFCUAeMD
7sJ6wyCDQqyWyAS2ZR1r28makjaf4mUYkRgCi5pDmfQY,f6Ya2uLNRPDfGfYgtCnE7yXuswDRD2ofJD1JysjHeFB
BdsrCk3DRm66usFF37XnNqJWsCX8WPgwsZ6Nw9gxik7c,ejvsesCDNZgVRivcMnuTWLP77SKdZVywgBXBUq4xKZ6
BLjtsrixbNWyDd3w5z33wyrttZ5MoqweSsnUJU9CBknJ,eWB1izMxWf7t1Qf87vNFEsdFpFZCnuWS83zfh1Y7Von
ECjwyYEwQR2vJSRFoXqGkLXpo7zFsejZu5JSRAMeqcM1,eQX1zwqvPTSTZ3THqwDCAbdfcghbsyb8uWpQThke85S
9F91HmFYbAfMujt2uRAtV5vKRRC7GwJXuP1aBs9J69Yw,e2CEkjvuN3Nh3zFnCzySCN4HZaB3dBuPy9w7CVyDnmB
GMGYRteMCxQ4n2who1jb38EMLF5dN8ZyVE7nS5igEzUa,dWP9UG6G4t8M8U8xrGPsCiKh7Bi3yq2nkLUa6QCdxos
85YK84ReFwLbpjBf5Pd16XuSHasvCzc5WQtTdsjdK6r9,dUgS3pmFi6V29UpgS9CdcQjh2aXqwUhBeUiz5R2dwZ7
7uHDmhiU2zHTPrtnhbywBETBsTYWf6eYJRcGnjMJVmWi,dFQg5PHAogbhnYHc1G7MkXPvXSmoSUDuwY3QeBHKHpp
1BWutmTvYPwDtmw9abTkS4Ssr8no61spGAvW1X6NDix,dE9R4rUnTpY2HBfWvNFWDEm8aXU1eMj5jv8dNUjP6yp
7mkr2BaLsRu3HVp23tM1USVbARKbawC6AWKDPAYAvbmC,dB3F7B3BMRWK4avKBLcFGHwb5SzWdhXMcSiXZUhyxoV
CyRzuuStoZQebUE4xQM5EUbvcHvMzGxgFes6xdRh9RiJ,cdWskAXXJxkNC7wkReGBTECf7r58EoJBU6gTPHmtuFa
6oQZnDeP1dzqD2ZhwqYibzeP2FAnZdxpvJ1R5msACu5Q,cTqN7HpJhgpHPKW2TdS4S8jateHaws4oV52B1HhznkZ
7mkr2BaLsRu3HVp23tM1USVbARKbawC6AWKDPAYAvbmC,cLBdukPpfssKDD5goVuLLFj7BhokkrMiXQhT47fK4pk
85YK84ReFwLbpjBf5Pd16XuSHasvCzc5WQtTdsjdK6r9,cEpYNiouAgPKDGoDMxWzZL6dKziPoj7oHTwYiqA13rk
ECPQGL4oXtuk7HCraTcT3j6wS7yb9jn368un6JyWkrJi,bu6YW7y9FYhjoik2eLLQNK6b7SBgo2MypxZPEwsqzhr
7mkr2BaLsRu3HVp23tM1USVbARKbawC6AWKDPAYAvbmC,bZzd31GHbvGWjuS9Xbp3Vwu3VrPZJGpUDseugTcHuGk
HfsehwegnmLwFmNdxd1NzDE5NoC3K7YER35PFsDutje7,azrPwTMBBHPD4XruDehNr7x9oaGBrGzEeUeVgm7pUys
FRiKTTtBFCraXxAdN9WbE9gHsJHauHzLKf2t53xiyFRR,aqwPASQHm3jM2YgRF64drk5fPsx5XX8bpXVMTAUhCsV
J4BKzARbSSrPYUn417JsSRnHHwNAKf6YVeQPpokaYMnQ,ZyuyphYByN4hS7SGVd6cAvHtbPNmCfuMgzooL1yVNqy
85YK84ReFwLbpjBf5Pd16XuSHasvCzc5WQtTdsjdK6r9,ZyLUn2htsqm7UY6FQNU1bapHjwdTjcoMVhsJe8hrin1
C4yo35zPv7x1MxRpMYeDzvAYYsaWur22mrZ282b54ySM,ZXsuEGxgSs8zXEcFaXLPTAtaphmyShKh1vBzWiU7YZU
DtY2o4h6TZEtQAsV85LLLzLENWnowP9Zehk3Py5YNPfM,YdKCM46NusFa4NmiidQ3UUFmyvz4ejdjWBkD2EP7kDd
DmsFcT68wqampP78Hm9E29DBLG99FuZJJmZAYw34uvrF,YHrZ4Ffecq8xJ46YgKDnosMkkFrC9HvikykMyx6y4mK
FNBb12zch5XdYXy2ahYHWopbmDat9HmQYdJTiuB9qXLF,YGb6SWVCRLuJbNdBH4Rf2YryxYcvVp7FWgrxxrV5uFv
6dTJGqWv9b2mmRsNypKAVHJisFNg1ayJsgRm7XQR9eBY,Y2Mx52vHwvNuUNiVXDzDa6pUH1q1b8tpX8W8zJoH8e1
F41EVDtEEQLjG5PNiKMb5fWHAsEizXpg21UAZda1UbsT,Xt6GKooTmQrit6hLrY9PPhLcszRuBCCxD1AMqhcGChK
EAtBd3Bjzc4cmNZNnQAJyDo7sC4d26PoEC7aTFqJqpyN,XrvQLfh24uoytLP5W31KRttXimfhen4T5ouy36i1WCn
DA4HR8Z4qi5XZyaQ6sL8DTsrnFbmkJwASedzT2hCc4uT,XQSF41wNvqasYa1JRAvUtZSDiySSHkqXpaaoBW8m6ZF
DApPfihvMc17WhseF8EAwSgncwVn55wAfGzRQcWTLJqB,WikQkGPsW2T9C4pWpe58nK1a2HPMK5XuksCTLAogemU
7yEKqyfRMMw7idsttmkqXp2Jtc1ooDgT6aZ6jm3Vmqgn,WfjmXKpGaMcj1GNqrdZahZmNZyRm1vdPQVToaM1LAPv
1BWutmTvYPwDtmw9abTkS4Ssr8no61spGAvW1X6NDix,Vg6GF8LPgqy71uKA1rRYYHJ2XUyNzM1VoQM5euaV3yJ
4jNBHhQcvPYZDvdNqg2T9QzQy56ZStdFCn8wuidEpFbJ,VWYKVKVJaiDdLhMunDZ9urcdRkhNe2iqWCR7RQpLYJV
B56NDdqVevb6K6aV9QwFkNN7VgNY3ZdjwMMCKSHZzC6L,VRJmWahVwmGMnj24mEuJJP25Thw7VkoALjWyzPDv6WU
8egJKnneyx649wBZ1oPFBP8uPVjRkPUjgrvrcwVRsTsY,VAD4m66SC859bzXuAZHjXuruxknZgZ7oVaMX2WAB5Xu
7mkr2BaLsRu3HVp23tM1USVbARKbawC6AWKDPAYAvbmC,UdQK9snFVQhwsEhmTeHvGuQozhbQVRS5J8aPTVXhgxL
J4BKzARbSSrPYUn417JsSRnHHwNAKf6YVeQPpokaYMnQ,Uc1mhkPCnFcApeEy1Nz56EuAhHAxKFPQPRwR8Cdzr1m
ArkddktQ1wvSyLbqoMV5AYMZbzBAn79QogmS4NYsA9Np,TfotbBmpox5PnpBsiLYSMoNbecBwdPZpqeBk6ZWVPH4
9B2XQw3LsWph3uVhvJ6A2QeoR3L9vXmYropY9JXvzCva,TezsBubLbYD5YanfDYeHvD1wEJ4RMJdQjCdhaAtWXVB
6y1y3iLYjcAyhoSyfsUNivkWaQ9YcXoXDAt3NQ86S2R5,TVfjqqtfFPmdcqtKRXxFZ2N2VvWBX4fZHApD1Tie53X
5RRzt5impbDhzGepEZj44JqTu7o6NmXNRKSM4rSQPX1z,TAAgsYvCgAiQnhVwA5qwFC9pUNQcdmjt3fZRoCQ1XSh
B56NDdqVevb6K6aV9QwFkNN7VgNY3ZdjwMMCKSHZzC6L,SjkkczKkEbe1LGhuqHQstBNfwE5qkBukjBva9mkSWzw
Bry3WqC4yhHtTxKwk7oeK5aeadEqHtFnG3AtNjrHXfyQ,S9K1d3Yi1NypUQRFpX6jWshftVr9zvfAVJMKAnEasi7
DjismoKxEMwc2hvMLkU5V262SRxn1aFpACunjvcBKgPP,RY7ShAkwe552k4JDa3SsXugm7UEgsuJtzSdWqbojYQd
7mkr2BaLsRu3HVp23tM1USVbARKbawC6AWKDPAYAvbmC,RDdvEh3rQDLfdTb88odx4hGJq9TNqXXZ3x6ZGvwPfcW
vCGmz9PjfTrMh2uK23RkqToZ1Jn2yc44D5KiVNaMt9S,QrguzYhEV9M35XxUtibEJfkUSK2ikg1n8H8TCSpHBsB
A1DZeL4TBtGvKb11ei4eBoAs1aRN9fB6wjgkLY8ER2dg,Qq9yfzTT1SqhcCkgNDHA9y1NsboYxzrt8qKfXZEBS5v
DenXVLRxRR3yrXFzwMEpnuizCcP6YMpaN9jUdZy2N8hB,QnyaMf5B32LyKdrJVT5uYD71pBHKWcnonJNKLR3mRar
THthoAPa4rKqfZLe7oqzW2G6BiQoAuyw4Ty7GK7a9WG,QfdMrNTKi4Miw7CfJYH4z1Ge3gNP3szpq2p5wPWgnfS
7dy8heSXUKaX3nRLkQ69NetzQxZYNQgUQsCsvTeV8MVt,QDAdGh7gMmECxkL2f4KDxS2eYFPiaLKUHCTsmvqDLT3
BdsrCk3DRm66usFF37XnNqJWsCX8WPgwsZ6Nw9gxik7c,PfyjGGVFbM4QCqWbpKP21eCws3yZH8iBiEs9YjH7Nvp
HMoZN3FEvxuecjGETQMa8EGPsCvibAbPfXP6h3cL4E8b,PfSCjPRdbMUTpN3iBSh4NTUgzrxf3fcDeYmjXvSG6jg
ZE4LyYi6TyjoEs4yPvGfCfXYAbmkptN19J7o5wPP8KY,PMK7WPqReEnQdjN1vnzJ7FQVbtucy5JUkjaRtHZw1wZ
vCGmz9PjfTrMh2uK23RkqToZ1Jn2yc44D5KiVNaMt9S,Nd9YRvEw6VVppxioKPAGmeLsPEQFstkH6TrW9cf8pYn
EM55cNYNfzarY6gZmWLmFZ9axYyLLZHjrGRVGwE5sVSY,NcMYa6BD7yGDFfpu1zLTn9C14LJyoWiNzLJf6V32fYs
DUopRU3KZvJa7UEP915TG9vXZi8pviSV9cGL6kWsTHVz,NXcP3dgvegZdisz5uZ69VFiKdb5BXSZvdv7URQYcM8K
G1iLxRSBL7S9HfgbDjG8PgQRhsoP8yv6uiMrxKaKJe9T,NNwmbzjc6rdUzfPmkqC5xDfm2H5vUpHXU3UB57bokP1
8Q4fYfyDCD9vHBxYqdFww32SBSVWFy3N7mx5tyyj5KZb,NMXmzu9EhC1L9BD3xbfpk2kwmC7xitzpXAdsKoDfaQo
FRiKTTtBFCraXxAdN9WbE9gHsJHauHzLKf2t53xiyFRR,NFPFcnt5RJJMtK1VBryg5TXgbsMNGrX93kpZz7xGear
GEJ3zU94dgUcrac9QQF7qfF1w62toYhXYDKKCES8pXuH,MzohPZaQLM8V5v7nrsD9uaBPAtfeVQsKsV9pyyudKmp
1v6MRkY4Z2dBAsbibySvuaj7kXssvJrvYefLbSsWdzC,MnDf4tByccf9vEeXAbikLu378rzaxveTLJPQaa7qkA3
9F91HmFYbAfMujt2uRAtV5vKRRC7GwJXuP1aBs9J69Yw,MjXSAsrVL4KnYXD2MjsQwmVaXKt5hc1KsvrxUh69oAR
GmFonBFUe4m8YEmd2rNsjxFCV5nNwFwN5s3PT1tR4rev,MdBoEcjkDNnZq3v7EAZKnTKn1jqCSJUum8hkVaoPGji
Cp9V3qLnjjCH7SNrEAtjqywqeztZKpXckDK13BA3EBU5,MCJU9YnhHSyegaU861XLNg9vJsecmr6HWdATN6wKYUE
6Pb5U7iSSkq7YcTeP9Qdwi9dfNcRpqgSpxA5wWuU2Eau,LTiGjQpkQDgAA7gtevdCHQYBBEuSiKsXZNb47dFigKY
G6bfDikmBmntCLcLdFTQhZ2zhqcuWygDpgou2Nq8YqX1,LTKcWMnrn6vR8yzReNhtNScpA8NehwNZijQZKt2X8LV
ZUUcxZPQkMGXyVpQVp3YUv275T7yDUjS65M9i1noJNx,KjRfwYQvtHkXu9U1nTnJmRq6xwMqaxDwMHjSR6iViHZ
G6bfDikmBmntCLcLdFTQhZ2zhqcuWygDpgou2Nq8YqX1,KUxQeeYshYohrv56TTtfxRsQSG3AEHstHppwYFuzZ2W
7yEKqyfRMMw7idsttmkqXp2Jtc1ooDgT6aZ6jm3Vmqgn,JPxzrhWHRytNBJJWQaKD8J355sVG9AmJxq5ENrtDw8u
5bX34x84ZF2ZKaCDBTTjxLwjdXghHdaJM3Zx5dkmS5mf,JPcjokqwYR6zemfhDnCXc3CV6yo1HPH2UG3nAxmKwJm
8LMSPwxz4fivfG7MAJCHEDb1bavSJ1jAkniceCs4xX6e,J44gjHTsE4tFLvRMryz9xKvyG3biZ8U2AKAHj3Kk74L
CyTTFGkd3fLhu4nNgEpv5z4uJZh49fCNTrhfUDTcJFoH,J2xycYMTtBJWu8pMBsX3hU1BC46jMMPh4r74fBGiZVy
A3jKMxyt7Ri72QouHxnJq844maZTF2pg7tYz4n2Yu6WP,HwbMoxprUaypBkisc2Q4SzwJrMuzLfyo6LsfLxEpsfD
BGgNvgCkmqy1sB6vrqZ6pF6me3TFjJP29Tg91rFaiL7R,H3pGuRbLK94Rw6uPFV7nPJAYrDDAy2XuKfr5NTAcWMt
B56NDdqVevb6K6aV9QwFkNN7VgNY3ZdjwMMCKSHZzC6L,GrshFPmsMksBrn88JmKc5wZnXRNwqzFTkqAnT7H9Bm2
ECPQGL4oXtuk7HCraTcT3j6wS7yb9jn368un6JyWkrJi,FMD9EvFCjDmhdz4zjUpNTeuf1bUhQHXDvEp7NU2GLXc
H1REofQ6uCxfqWJkQFB3o9KoGQfzLQkbUhkZcsAgBZLC,FCqxaJ3DEiGKqrKD4gwpwxTW4BgH3KcSNeLvVsT4Gwy
ZE4LyYi6TyjoEs4yPvGfCfXYAbmkptN19J7o5wPP8KY,F118AxzcVxW9jTKd96t2nTBYSG6ZQwxhjnEHKG9BqAJ
8egJKnneyx649wBZ1oPFBP8uPVjRkPUjgrvrcwVRsTsY,EwFHYtEHVeFqrMNPtwyN7ZYf8UFvGPt8526t9fGrqGE
EZjDFMDiaatypDubzHB7szK4DccusDar6NBiBVa1UpBe,Eh85wmk3cCEBAjNqsV81CVgUCjXpBEwbmhneAj8hbnx
62XmP57M52CqUaJozq2wVD5XYfbeVhH3JA3yY6ZjSCRj,Dgxhn6Wqx8VbLK8qGVnYV2YFM55VtJRwLjNyHygQxUj
1BWutmTvYPwDtmw9abTkS4Ssr8no61spGAvW1X6NDix,DBLyNNFBmvgLAdvL9wXME9pHbDA1Z1tNJqxdszfucfF
C82C8jRXM93upcqzK4ftDfdyfrtqfmNEiW5N11Zzwyrs,D5h7nBiYW1uQ6XEsTd2VBJg2A79kwXDc5Rz3BwoqzT3
85YK84ReFwLbpjBf5Pd16XuSHasvCzc5WQtTdsjdK6r9,CmxzgNz3od2mwjraEMpZpgciS9bXiWgGH62VLfuLvX2
7dy8heSXUKaX3nRLkQ69NetzQxZYNQgUQsCsvTeV8MVt,BcppkqwyUc6huuuPA5VyhFk4ZUP5YuMmcojAartWbwt
6XS3qp5bStNZCRw7AcY6jjvUPFcxh19PfSrtkmvymRPj,BUwBjqU58q1e384xwdajuHTd7funsuGeKDCxFPrp2fr
4cnZM42pZwjPdJVr1tvUSCeqna27yFmBwEXXvmWAbJZt,BPAuckMPgKwe7QcyyjE9iCNBukrWCNJiTyMd7x4qCiu
7pLVofwG8ydYt6nyhgsH46ZxchyUno5RgWBDmAeDBD4b,BKmPYe3cxYMbwRq7bZ2akwVvznQfyZffgY4f1n7Lq7G
3ukVQkntQ1Ydosb5yMrwA7xuDbbRij2JNSb22zYLWCQT,B6deNqNkrq9uDqvA6MBYAt96WGZsXmonHv7ptGvzmqQ
3ukVQkntQ1Ydosb5yMrwA7xuDbbRij2JNSb22zYLWCQT,Aj6ZjGK1Yg3pJSPkmcjgG6ScxbgeoZuMEacnQ4CXMxm
1BWutmTvYPwDtmw9abTkS4Ssr8no61spGAvW1X6NDix,AU61qzxmdhffBdmRQ8hwjzHpnLPmh1C93C4DGVgcFRV
8HpP6fvkDz6FPN3HG4vLqTTGEjuvp1HJXSxtrwgrLxwh,AEzwNLSrY47yUfBkmKNVE3w19faVXBKzNXKwUjCzx6Y
7mkr2BaLsRu3HVp23tM1USVbARKbawC6AWKDPAYAvbmC,ADwE8grc1jK1XT27jZA2pznftz6KpHFQRWnnMbr93Nv
7QjpEYTntTZzdghCcE6hxKK1BM3s1Kyrtq5NuyzVE6sk,A135u7edJe41StEaQ8QdjoRwjaSa1Xah1c2VXu3Y3YX
Hb755DKBZU1FH2dqBQTqdzSRT2BDdRoXNr6GXszFnNBB,9hDiHGi6J2YmxFnXxTi8LQ9iVT4V1cS14wgFwCZFUmp
7mkr2BaLsRu3HVp23tM1USVbARKbawC6AWKDPAYAvbmC,9dphjQjudXA9yQooj4qHjSyawRk3gSo1VU66dYZLHua
FRiKTTtBFCraXxAdN9WbE9gHsJHauHzLKf2t53xiyFRR,9Rkmx1Vx23qEp9JD127NL1E31LMfxN7iG4nHa4TNoAR
AfbYa2MFSvYmYmZ9fdfq6EqjAwmLMEmi1ABrAwdZV8J3,9PsqD3DHeonKy7jCMJbMi2HPDsD67RAD9vKUbhpwTne
71BCyN7hLuj6wVvvWZJZg6in1RPGHfc3H13gQvt2jKY6,96m3vbWbx88BdpnZSeSKKa3jkZSZprxUEtsbRtQx6vA
BbgTRsfwp2F2nR9eE3raNUGvXgraySTFCWyvvXz1GiwY,91DavvPGjrit3FBDowNAmPgwztSMvqBFH67tm2v1Pau
7yEKqyfRMMw7idsttmkqXp2Jtc1ooDgT6aZ6jm3Vmqgn,8f2MASejh6WLDsmxk8xjp7u6NHEhyGmBWoHN4zvAJmM
HGDgNDA2zuYXdPkiU2JCgQ2h8NThYFCTvV1Gp6Q2vyw7,8Kkwa8f9ZTC9RJ1EN91BQsb8Xqqmh1mLrz394UCPH59
DZGyo9uB61bXihsKNv2yEie7XuwHqFwAnoPxqM1ML9yg,86Asj9TBAjGn4EpmSmF62V6BNgAsnkTs7vZ1gvo7i9J
5RRzt5impbDhzGepEZj44JqTu7o6NmXNRKSM4rSQPX1z,7rRWFi7Q7JorxJNLbb1sqTtyDgLxhGnd2QZhT45JRX4
BLjtsrixbNWyDd3w5z33wyrttZ5MoqweSsnUJU9CBknJ,6Dy5548j61cqjsdhUwCFv6WBKBXCe54Brc5AhuEELBP
2dAC72r7qBA3sxakqSNg5RytT31T69fuhDw2FrvNxGSL,64qcf6hUxqLTzzr9TwaGSgxkBTKJb8i3U5BT1TjBzw9
51o1kfbAJmEGuCbBg9sESpqemPwZgdaTc46wRQRWZ6WY,61TJkQts2rF5yMM7Zkz14SGHHjXwiSEzLmiXJgDhidH
6tqsm4PCS7TRzJU3tCj1erb7uJ23yxmhgea68BjqvADp,5y2QMiFtbZfz1ikhFP4QDCHVp3cZNoi4jTV1XBvVSm4
ZE4LyYi6TyjoEs4yPvGfCfXYAbmkptN19J7o5wPP8KY,5wBaHi1mFpqa667R1bDGLu5Xc6sZi3JeJwQ63Jrxwii
CyRzuuStoZQebUE4xQM5EUbvcHvMzGxgFes6xdRh9RiJ,5VRE5Uuu9rYajGuHHLo3VVhRYzSmob2J6T8Ls98Kt8A
2TDxdXdmEsExrKi9LPX3HdnEJVTsrcG7Yhmf1pDXnhMH,5EQQ4p15tP4kG5vgL3U7pn6FvxktwM1kGrH1dokhyv7
1BWutmTvYPwDtmw9abTkS4Ssr8no61spGAvW1X6NDix,57Xa8La2qjtTAnLGHtqMPiJsp2iPuQxRQZANxEBt1yB
DoXgkzBXa33v45m2kbMToH9FsDyAPNWXuk4xYCMsmAHf,4zgJs2fHv5xHuw9FtuMcwFYTvTDSe9mXDbUpUd7L3bB
ECPQGL4oXtuk7HCraTcT3j6wS7yb9jn368un6JyWkrJi,4uhjvWcUcTu5UhMJgKxXhFRQu7QvKG2aJbsk5kLcLnj
DRUwiG2we5diuWst7QA28iRyrt72Zvu2uv99Gx4mkAmL,13wEEt3NxtCaJ6aNnD75CFQXy5FMH4eKrmVb3W3DtevW
4ohKBnA6HLNp6VXLHtBNtEH9JUb575AS7rJT1BFaKo12,13WEPus6CiM41m4iKYuGKPh6ATLMNRCdCWTFZfiUThkN
54t3NVpw5Lyg7ZED39imCBQ2h1CH8X5Sc1vkpJZ4LMkf,13UqoAaAJrqtanBJ52kS3BNHnR5kMj6VYCAa96xgVTXq
9wZfVrquxEzQjR6fiGmP4s4Q5MwQFFTDFaGwJi762JLK,13Tp9p88cbZNptQ5wcUq4jPFDoQMcRgco8Q5tSNxTiQq
gCv41sQZpWwVx7K8ec8GqtMqVqJBkmb6p1bXwbNZEUJ,13RWbnLiVFYy7TTMxvSHnwf1tEh9iVDQEmLvEDvdFgzF
7pLVofwG8ydYt6nyhgsH46ZxchyUno5RgWBDmAeDBD4b,12rcZsLnd8Px2npcz6xT71kSP9p5cXLeyGVBhrjKYFDQ
8Av9r8KkQV7uBbkJumKCXydqLTFNreed2sn3DucT1VjT,12qVqfp4YSg69eDtkRJE6ow3mCNL1LfqQJ4y5HcXNNGt
4DM5YZ5QVXFn1dfVuDEdrUCKQqYKe8HLUaG97y78vmbZ,12nEGwNQnEoZrJXxyZSHjwYkTXfRMzGVhkMar9opSEmH
EKeBStmHfjFBu3RHaMCtZivjUvBwVmeNSoVthJGoXyEe,12TgQM27rZnRnT7XwKqkN8tk59RQAeBtszzNK76eCQHG
Cg2LN1NWRaAFvHMM1dRn1QCyGwxZYDLZCs8ePyDVvrwU,12KYEsdnFjbzrozEgFyoyPTodw97oYvNHEJbaXLhRTa6
7asLisyZojQbUqFtJVSnqDmjmspA6AmgTsBUkS2VmR4j,1ybzwRJ6Jrcw5akyYorzJ4SZPv7dPthPWd9izrmA8Xa
FDiLdtmNPWG7JikuvgMqYF7umENSzqJJtoJHpSVGBnPQ,1qBouCU6JP5iE28uD3zSntXSAGeLPStfL1xQz33HUPT
9qKsjYfkCNuv2XBaZnXwVbF2FCC9BwNgyus5yPjNG794,1oDDJeUCiHpgdBPCtTE7GBh1eTyLktFXSaBA47nQG8i
85YK84ReFwLbpjBf5Pd16XuSHasvCzc5WQtTdsjdK6r9,1WSrZ6hJtufZkW3CSDS82sPJpgJu5MvugcxyiUPgGHC